# Wavelength (Angstrom) Flux (1e-15 erg/s/cm^2/A) Error
 4700.0000 4.4032e+00 2.2807e-01
 4701.2500 4.5631e+00 7.5053e-02
 4702.5000 4.7691e+00 1.2393e-01
 4703.7500 4.7670e+00 1.1495e-01
 4705.0000 4.7313e+00 7.2463e-02
 4706.2500 4.7902e+00 1.2478e-01
 4707.5000 4.6481e+00 2.3872e-02
 4708.7500 4.6493e+00 2.9198e-02
 4710.0000 4.9131e+00 2.2803e-01
 4711.2500 4.7941e+00 1.0238e-01
 4712.5000 4.8310e+00 1.3231e-01
 4713.7500 4.6939e+00 1.2013e-02
 4715.0000 4.7224e+00 8.8437e-03
 4716.2500 4.8203e+00 9.8539e-02
 4717.5000 4.8366e+00 1.0630e-01
 4718.7500 4.7484e+00 9.1408e-03
 4720.0000 4.6830e+00 6.5563e-02
 4721.2500 4.7086e+00 4.9406e-02
 4722.5000 4.7817e+00 1.4238e-02
 4723.7500 4.8136e+00 3.6746e-02
 4725.0000 4.7255e+00 6.0444e-02
 4726.2500 4.6414e+00 1.5314e-01
 4727.5000 4.7767e+00 2.5858e-02
 4728.7500 4.8564e+00 4.6525e-02
 4730.0000 5.0246e+00 2.0821e-01
 4731.2500 4.9448e+00 1.2285e-01
 4732.5000 4.7245e+00 1.0209e-01
 4733.7500 4.7905e+00 3.9696e-02
 4735.0000 4.7035e+00 1.2934e-01
 4736.2500 4.9673e+00 1.3281e-01
 4737.5000 4.9398e+00 1.0462e-01
 4738.7500 4.6933e+00 1.4161e-01
 4740.0000 4.8757e+00 4.1903e-02
 4741.2500 4.7799e+00 5.2399e-02
 4742.5000 4.8661e+00 3.4645e-02
 4743.7500 4.8739e+00 3.8808e-02
 4745.0000 4.7837e+00 6.5461e-02
 4746.2500 5.0434e+00 1.6700e-01
 4747.5000 4.7482e+00 1.5859e-01
 4748.7500 4.8674e+00 5.1636e-02
 4750.0000 4.9177e+00 1.5732e-02
 4751.2500 4.9902e+00 1.2219e-01
 4752.5000 4.9139e+00 7.4791e-02
 4753.7500 4.9067e+00 8.1380e-02
 4755.0000 4.7577e+00 6.6309e-02
 4756.2500 4.9068e+00 7.7320e-02
 4757.5000 4.9802e+00 1.4187e-01
 4758.7500 4.9523e+00 1.0295e-01
 4760.0000 4.9243e+00 6.2468e-02
 4761.2500 5.0142e+00 1.3861e-01
 4762.5000 4.8986e+00 8.6105e-03
 4763.7500 5.0289e+00 1.2442e-01
 4765.0000 4.9146e+00 3.9472e-03
 4766.2500 4.8682e+00 6.3384e-02
 4767.5000 4.8800e+00 6.3286e-02
 4768.7500 4.9032e+00 4.9907e-02
 4770.0000 5.0819e+00 1.2084e-01
 4771.2500 4.8630e+00 1.0402e-01
 4772.5000 5.0274e+00 5.6238e-02
 4773.7500 5.0254e+00 5.1453e-02
 4775.0000 4.9802e+00 4.4152e-03
 4776.2500 5.0094e+00 3.1977e-02
 4777.5000 4.8284e+00 1.5115e-01
 4778.7500 5.0043e+00 2.1422e-02
 4780.0000 4.9592e+00 2.9001e-02
 4781.2500 5.0396e+00 4.3622e-02
 4782.5000 5.1515e+00 1.4478e-01
 4783.7500 5.1187e+00 9.7904e-02
 4785.0000 5.0107e+00 2.7283e-02
 4786.2500 5.0609e+00 2.6393e-03
 4787.5000 4.9729e+00 1.0838e-01
 4788.7500 5.0861e+00 2.0074e-02
 4790.0000 4.9525e+00 1.7978e-01
 4791.2500 5.1922e+00 3.3666e-02
 4792.5000 5.2129e+00 2.9136e-02
 4793.7500 5.0549e+00 1.5196e-01
 4795.0000 5.1873e+00 3.9333e-02
 4796.2500 5.2334e+00 8.6197e-03
 4797.5000 5.1927e+00 5.9279e-02
 4798.7500 5.2326e+00 2.3352e-02
 4800.0000 5.0426e+00 2.1059e-01
 4801.2500 5.1416e+00 1.0203e-01
 4802.5000 5.3235e+00 9.6052e-02
 4803.7500 5.3017e+00 9.6609e-02
 4805.0000 5.2323e+00 5.5039e-02
 4806.2500 5.1195e+00 2.5768e-02
 4807.5000 5.2403e+00 1.2994e-01
 4808.7500 5.1385e+00 6.4230e-02
 4810.0000 4.9572e+00 8.1309e-02
 4811.2500 4.8838e+00 1.2099e-01
 4812.5000 4.8835e+00 9.1406e-02
 4813.7500 4.9247e+00 2.5473e-02
 4815.0000 5.0042e+00 7.2461e-02
 4816.2500 4.8666e+00 5.4020e-02
 4817.5000 4.8795e+00 3.7726e-02
 4818.7500 5.0253e+00 1.0360e-01
 4820.0000 5.0360e+00 1.0225e-01
 4821.2500 5.0529e+00 1.0016e-01
 4822.5000 4.8937e+00 8.3681e-02
 4823.7500 4.9827e+00 2.3740e-02
 4825.0000 4.7575e+00 2.8086e-01
 4826.2500 5.2021e+00 1.3091e-01
 4827.5000 5.0140e+00 8.9217e-02
 4828.7500 5.0180e+00 1.1474e-01
 4830.0000 5.2022e+00 4.4212e-02
 4831.2500 5.2186e+00 4.1014e-02
 4832.5000 5.2053e+00 1.4843e-02
 4833.7500 5.1046e+00 9.1373e-02
 4835.0000 5.1979e+00 4.1813e-03
 4836.2500 5.0857e+00 9.8413e-02
 4837.5000 5.0444e+00 1.2307e-01
 4838.7500 5.0910e+00 5.4004e-02
 4840.0000 5.1148e+00 3.2387e-03
 4841.2500 5.0426e+00 4.5653e-02
 4842.5000 5.1228e+00 6.5346e-02
 4843.7500 5.0714e+00 4.3734e-02
 4845.0000 4.8680e+00 1.3284e-01
 4846.2500 4.9752e+00 3.6885e-03
 4847.5000 4.9898e+00 2.6299e-02
 4848.7500 4.9306e+00 2.5489e-02
 4850.0000 5.0774e+00 1.1971e-01
 4851.2500 4.8584e+00 1.1035e-01
 4852.5000 4.9094e+00 8.0158e-02
 4853.7500 5.0071e+00 1.2593e-02
 4855.0000 5.0602e+00 2.0718e-03
 4856.2500 5.1103e+00 6.7273e-03
 4857.5000 5.0466e+00 1.0756e-01
 4858.7500 5.1740e+00 3.3869e-02
 4860.0000 5.1378e+00 1.2430e-01
 4861.2500 5.2414e+00 7.2957e-02
 4862.5000 5.3579e+00 4.2850e-03
 4863.7500 5.4359e+00 3.2709e-02
 4865.0000 5.4969e+00 6.1516e-02
 4866.2500 5.6430e+00 1.8600e-01
 4867.5000 5.4084e+00 5.8410e-02
 4868.7500 5.3360e+00 1.2827e-01
 4870.0000 5.3706e+00 7.8700e-02
 4871.2500 5.4719e+00 4.9448e-02
 4872.5000 5.2257e+00 1.5903e-01
 4873.7500 5.3492e+00 1.1587e-02
 4875.0000 5.1597e+00 1.2313e-01
 4876.2500 5.1380e+00 8.4450e-02
 4877.5000 5.0785e+00 8.0004e-02
 4878.7500 5.1546e+00 6.1540e-02
 4880.0000 5.0379e+00 9.8780e-03
 4881.2500 4.7227e+00 2.4249e-01
 4882.5000 5.0104e+00 1.0455e-01
 4883.7500 4.9552e+00 1.0396e-01
 4885.0000 4.8121e+00 9.7839e-03
 4886.2500 4.9709e+00 2.1134e-01
 4887.5000 4.7546e+00 3.1000e-02
 4888.7500 4.8075e+00 1.1291e-01
 4890.0000 4.5020e+00 1.7067e-01
 4891.2500 4.4835e+00 1.7447e-01
 4892.5000 4.6663e+00 1.5550e-02
 4893.7500 4.6101e+00 4.0835e-02
 4895.0000 4.7158e+00 5.6998e-02
 4896.2500 4.5156e+00 1.5864e-01
 4897.5000 4.6616e+00 3.6033e-02
 4898.7500 4.6067e+00 1.2197e-01
 4900.0000 4.7833e+00 1.6075e-02
 4901.2500 4.8635e+00 5.0685e-02
 4902.5000 4.9348e+00 6.9859e-02
 4903.7500 4.9071e+00 1.5219e-02
 4905.0000 5.0166e+00 3.2864e-02
 4906.2500 4.9844e+00 6.3134e-02
 4907.5000 5.2338e+00 1.2203e-01
 4908.7500 5.0951e+00 7.9318e-02
 4910.0000 5.2682e+00 3.5165e-02
 4911.2500 5.2681e+00 1.7389e-02
 4912.5000 5.5047e+00 1.7503e-01
 4913.7500 5.4523e+00 8.8447e-02
 4915.0000 5.3056e+00 8.0998e-02
 4916.2500 5.3859e+00 1.0952e-02
 4917.5000 5.3896e+00 4.6579e-03
 4918.7500 5.5493e+00 1.7027e-01
 4920.0000 5.2355e+00 1.1630e-01
 4921.2500 5.2612e+00 5.2741e-02
 4922.5000 5.1547e+00 1.1227e-01
 4923.7500 5.2614e+00 4.8533e-02
 4925.0000 5.1726e+00 1.8827e-02
 4926.2500 5.0488e+00 4.3010e-02
 4927.5000 4.9558e+00 7.3421e-02
 4928.7500 4.9419e+00 2.5973e-02
 4930.0000 4.9436e+00 3.4222e-02
 4931.2500 4.9285e+00 7.3422e-02
 4932.5000 4.8779e+00 7.1963e-02
 4933.7500 4.8430e+00 8.0466e-02
 4935.0000 4.6748e+00 5.0385e-02
 4936.2500 4.6039e+00 8.9910e-02
 4937.5000 4.8382e+00 1.6990e-01
 4938.7500 4.6447e+00 3.5529e-03
 4940.0000 4.7662e+00 1.3311e-01
 4941.2500 4.5983e+00 2.4041e-02
 4942.5000 4.6372e+00 2.1773e-02
 4943.7500 4.7511e+00 1.3941e-01
 4945.0000 4.7169e+00 1.0632e-01
 4946.2500 4.6715e+00 5.9871e-02
 4947.5000 4.4376e+00 1.7668e-01
 4948.7500 4.5733e+00 4.4617e-02
 4950.0000 4.5233e+00 9.8835e-02
 4951.2500 4.5293e+00 9.7090e-02
 4952.5000 4.8162e+00 1.8610e-01
 4953.7500 4.5822e+00 5.0580e-02
 4955.0000 4.5846e+00 4.9188e-02
 4956.2500 4.6615e+00 2.8695e-02
 4957.5000 4.6750e+00 4.5678e-02
 4958.7500 4.5088e+00 1.1431e-01
 4960.0000 4.5176e+00 9.6368e-02
 4961.2500 4.8128e+00 2.1100e-01
 4962.5000 4.6893e+00 1.0254e-01
 4963.7500 4.5026e+00 6.6409e-02
 4965.0000 4.5854e+00 3.6350e-02
 4966.2500 4.3704e+00 1.5677e-01
 4967.5000 4.5383e+00 3.4324e-02
 4968.7500 4.4858e+00 5.8939e-03
 4970.0000 4.5500e+00 9.4308e-02
 4971.2500 4.3759e+00 5.5799e-02
 4972.5000 4.3998e+00 8.8095e-03
 4973.7500 4.3006e+00 8.6098e-02
 4975.0000 4.5321e+00 1.6581e-01
 4976.2500 4.3349e+00 1.2691e-02
 4977.5000 4.3372e+00 6.3815e-03
 4978.7500 4.2805e+00 3.5460e-02
 4980.0000 4.2463e+00 5.6742e-02
 4981.2500 4.2563e+00 3.5650e-02
 4982.5000 4.3043e+00 2.1772e-02
 4983.7500 4.2306e+00 4.4100e-02
 4985.0000 4.2330e+00 3.5262e-02
 4986.2500 4.2009e+00 6.2048e-02
 4987.5000 4.3029e+00 4.4183e-02
 4988.7500 4.2836e+00 2.8349e-02
 4990.0000 4.1077e+00 1.4485e-01
 4991.2500 4.2569e+00 6.4870e-03
 4992.5000 4.1170e+00 1.3172e-01
 4993.7500 4.0266e+00 2.2081e-01
 4995.0000 4.3456e+00 9.9235e-02
 4996.2500 4.3135e+00 6.8026e-02
 4997.5000 4.3153e+00 7.0536e-02
 4998.7500 4.1057e+00 1.3854e-01
 5000.0000 4.1422e+00 1.0149e-01
 5001.2500 4.1908e+00 5.2389e-02
 5002.5000 4.3263e+00 8.3559e-02
 5003.7500 4.1832e+00 5.9203e-02
 5005.0000 4.3282e+00 8.6225e-02
 5006.2500 4.1967e+00 4.4813e-02
 5007.5000 4.3826e+00 1.4141e-01
 5008.7500 4.2427e+00 1.9705e-03
 5010.0000 4.2887e+00 4.8351e-02
 5011.2500 4.2777e+00 3.7645e-02
 5012.5000 4.4176e+00 1.7799e-01
 5013.7500 4.3344e+00 9.5116e-02
 5015.0000 4.3543e+00 1.1547e-01
 5016.2500 4.3445e+00 1.0607e-01
 5017.5000 4.1425e+00 9.5450e-02
 5018.7500 4.3306e+00 9.3277e-02
 5020.0000 4.2701e+00 3.3522e-02
 5021.2500 4.1953e+00 4.0439e-02
 5022.5000 4.2055e+00 2.9137e-02
 5023.7500 4.2551e+00 2.1613e-02
 5025.0000 4.1654e+00 6.6578e-02
 5026.2500 4.2706e+00 4.0331e-02
 5027.5000 4.2550e+00 2.6617e-02
 5028.7500 4.2306e+00 4.3327e-03
 5030.0000 4.3518e+00 1.2786e-01
 5031.2500 4.0363e+00 1.8522e-01
 5032.5000 4.1680e+00 5.0882e-02
 5033.7500 4.0816e+00 1.3460e-01
 5035.0000 4.1210e+00 9.2415e-02
 5036.2500 4.2282e+00 1.7470e-02
 5037.5000 4.2941e+00 8.6150e-02
 5038.7500 4.1359e+00 6.9358e-02
 5040.0000 4.2436e+00 4.0864e-02
 5041.2500 4.1468e+00 5.3461e-02
 5042.5000 4.0692e+00 1.2867e-01
 5043.7500 4.1544e+00 4.1221e-02
 5045.0000 4.1896e+00 3.9045e-03
 5046.2500 4.2703e+00 7.8758e-02
 5047.5000 4.1453e+00 4.4377e-02
 5048.7500 4.1413e+00 4.6560e-02
 5050.0000 4.3252e+00 1.3893e-01
 5051.2500 4.3126e+00 1.2796e-01
 5052.5000 4.0984e+00 8.4752e-02
 5053.7500 4.3622e+00 1.8044e-01
 5055.0000 4.3041e+00 1.2374e-01
 5056.2500 4.1018e+00 7.7154e-02
 5057.5000 4.3060e+00 1.2833e-01
 5058.7500 4.2196e+00 4.3165e-02
 5060.0000 4.2991e+00 1.2396e-01
 5061.2500 4.0803e+00 9.3627e-02
 5062.5000 4.3028e+00 1.3019e-01
 5063.7500 4.0839e+00 8.7478e-02
 5065.0000 4.3581e+00 1.8797e-01
 5066.2500 4.1459e+00 2.3051e-02
 5067.5000 4.1874e+00 1.9673e-02
 5068.7500 4.2815e+00 1.1502e-01
 5070.0000 3.9654e+00 1.9988e-01
 5071.2500 4.1295e+00 3.4574e-02
 5072.5000 4.0978e+00 6.5054e-02
 5073.7500 4.2086e+00 4.6855e-02
 5075.0000 4.1840e+00 2.3479e-02
 5076.2500 4.2335e+00 7.4160e-02
 5077.5000 4.2280e+00 6.9839e-02
 5078.7500 4.0829e+00 7.4059e-02
 5080.0000 4.2338e+00 7.8062e-02
 5081.2500 3.9907e+00 1.6393e-01
 5082.5000 4.0928e+00 6.0727e-02
 5083.7500 4.0785e+00 7.3861e-02
 5085.0000 4.0645e+00 8.6803e-02
 5086.2500 4.1639e+00 1.3689e-02
 5087.5000 4.1935e+00 4.4199e-02
 5088.7500 4.1027e+00 4.5704e-02
 5090.0000 4.0212e+00 1.2628e-01
 5091.2500 4.1818e+00 3.4990e-02
 5092.5000 4.0887e+00 5.7522e-02
 5093.7500 4.1784e+00 3.2630e-02
 5095.0000 4.1877e+00 4.2133e-02
 5096.2500 4.0496e+00 9.6078e-02
 5097.5000 4.1697e+00 2.3657e-02
 5098.7500 4.0306e+00 1.1623e-01
 5100.0000 4.2461e+00 9.7964e-02
 5101.2500 4.0966e+00 5.3394e-02
 5102.5000 4.2684e+00 1.1585e-01
 5103.7500 4.1768e+00 2.0917e-02
 5105.0000 4.0266e+00 1.3370e-01
 5106.2500 4.0648e+00 1.0101e-01
 5107.5000 4.1095e+00 6.3134e-02
 5108.7500 4.0753e+00 1.0566e-01
 5110.0000 4.2770e+00 8.6004e-02
 5111.2500 4.2434e+00 4.0342e-02
 5112.5000 4.2748e+00 5.7473e-02
 5113.7500 4.1042e+00 1.2994e-01
 5115.0000 4.3914e+00 1.3770e-01
 5116.2500 4.4323e+00 1.5605e-01
 5117.5000 4.3719e+00 6.9648e-02
 5118.7500 4.3557e+00 2.3842e-02
 5120.0000 4.4083e+00 4.2923e-02
 5121.2500 4.4488e+00 4.5598e-02
 5122.5000 4.4811e+00 3.5529e-02
 5123.7500 4.4651e+00 2.7610e-02
 5125.0000 4.4795e+00 6.5451e-02
 5126.2500 4.6002e+00 2.3021e-03
 5127.5000 4.6223e+00 4.3114e-02
 5128.7500 4.9075e+00 1.7357e-01
 5130.0000 4.9120e+00 1.0376e-01
 5131.2500 4.9053e+00 1.7143e-02
 5132.5000 5.0012e+00 2.7432e-02
 5133.7500 4.9894e+00 7.5437e-02
 5135.0000 5.0845e+00 7.6723e-02
 5136.2500 5.3984e+00 1.3582e-01
 5137.5000 5.5968e+00 2.2832e-01
 5138.7500 5.5114e+00 3.3033e-02
 5140.0000 5.6677e+00 7.6111e-02
 5141.2500 5.5825e+00 1.2485e-01
 5142.5000 5.8819e+00 5.7018e-02
 5143.7500 5.9915e+00 4.8500e-02
 5145.0000 6.0517e+00 9.1992e-03
 5146.2500 6.0766e+00 1.0060e-01
 5147.5000 6.2464e+00 4.4417e-02
 5148.7500 6.2821e+00 1.1845e-01
 5150.0000 6.4782e+00 2.6766e-02
 5151.2500 6.6030e+00 8.7667e-05
 5152.5000 6.6360e+00 5.7479e-02
 5153.7500 6.6840e+00 9.2974e-02
 5155.0000 7.0126e+00 1.5139e-01
 5156.2500 7.1054e+00 1.2403e-01
 5157.5000 7.2394e+00 4.8457e-03
 5158.7500 7.7316e+00 4.8550e-02
 5160.0000 8.6308e+00 6.6883e-02
 5161.2500 9.7862e+00 4.8056e-02
 5162.5000 1.0394e+01 6.7443e-02
 5163.7500 1.0248e+01 2.0082e-01
 5165.0000 9.1071e+00 1.7082e-02
 5166.2500 8.1129e+00 6.9622e-02
 5167.5000 7.2107e+00 1.0723e-01
 5168.7500 6.9840e+00 4.1822e-02
 5170.0000 6.7406e+00 2.1207e-02
 5171.2500 6.6401e+00 8.8836e-03
 5172.5000 6.4318e+00 1.1564e-01
 5173.7500 6.3706e+00 7.1531e-02
 5175.0000 6.2938e+00 3.6930e-02
 5176.2500 6.2512e+00 3.6939e-02
 5177.5000 6.2837e+00 1.8997e-01
 5178.7500 5.9129e+00 5.7759e-02
 5180.0000 5.8943e+00 4.8111e-02
 5181.2500 5.9196e+00 1.9808e-01
 5182.5000 5.6018e+00 3.7787e-03
 5183.7500 5.6653e+00 1.8875e-01
 5185.0000 5.3467e+00 1.1584e-02
 5186.2500 5.4826e+00 2.3868e-01
 5187.5000 5.1165e+00 1.7759e-02
 5188.7500 5.0288e+00 1.0776e-03
 5190.0000 4.7691e+00 1.6230e-01
 5191.2500 4.8220e+00 1.7025e-02
 5192.5000 4.8562e+00 1.0305e-01
 5193.7500 4.7531e+00 7.9258e-02
 5195.0000 4.6461e+00 4.4857e-02
 5196.2500 4.6125e+00 7.7251e-02
 5197.5000 4.4388e+00 3.7173e-02
 5198.7500 4.2648e+00 1.5846e-01
 5200.0000 4.4307e+00 5.3789e-02
 5201.2500 4.3838e+00 4.6907e-02
 5202.5000 4.3527e+00 4.9614e-02
 5203.7500 4.4415e+00 1.6613e-01
 5205.0000 4.1084e+00 1.4513e-01
 5206.2500 4.1570e+00 8.0524e-02
 5207.5000 4.2039e+00 2.3369e-02
 5208.7500 4.2084e+00 1.4154e-02
 5210.0000 4.0819e+00 1.4115e-01
 5211.2500 4.1763e+00 5.2435e-02
 5212.5000 4.2701e+00 3.0961e-02
 5213.7500 4.2505e+00 3.4734e-03
 5215.0000 4.1008e+00 1.7179e-01
 5216.2500 4.1309e+00 1.6346e-01
 5217.5000 4.3257e+00 7.0139e-03
 5218.7500 4.5131e+00 1.6852e-01
 5220.0000 4.6794e+00 3.0821e-01
 5221.2500 4.4285e+00 3.1080e-02
 5222.5000 4.4443e+00 2.1967e-02
 5223.7500 4.4483e+00 3.3012e-03
 5225.0000 4.4200e+00 4.4229e-02
 5226.2500 4.5723e+00 9.2889e-02
 5227.5000 4.5408e+00 5.1122e-02
 5228.7500 4.4660e+00 2.8622e-02
 5230.0000 4.6514e+00 1.5741e-01
 5231.2500 4.5133e+00 2.5761e-02
 5232.5000 4.4032e+00 7.2289e-02
 5233.7500 4.3463e+00 1.1184e-01
 5235.0000 4.3296e+00 1.0654e-01
 5236.2500 4.5650e+00 1.5483e-01
 5237.5000 4.4677e+00 8.6712e-02
 5238.7500 4.2379e+00 1.1162e-01
 5240.0000 4.0821e+00 2.3457e-01
 5241.2500 4.1550e+00 1.2842e-01
 5242.5000 4.1240e+00 1.2651e-01
 5243.7500 4.2499e+00 3.0787e-02
 5245.0000 4.3017e+00 1.1128e-01
 5246.2500 4.2054e+00 3.8771e-02
 5247.5000 4.2862e+00 1.3506e-01
 5248.7500 4.0822e+00 6.7914e-02
 5250.0000 4.2144e+00 4.1713e-02
 5251.2500 4.3212e+00 8.9670e-02
 5252.5000 4.2606e+00 8.0351e-02
 5253.7500 4.4409e+00 7.1851e-02
 5255.0000 4.6087e+00 1.4134e-01
 5256.2500 4.9805e+00 5.9794e-02
 5257.5000 5.5054e+00 1.5128e-01
 5258.7500 5.7583e+00 1.0494e-01
 5260.0000 5.9756e+00 5.4638e-02
 5261.2500 6.2985e+00 9.6593e-02
 5262.5000 6.5206e+00 8.0899e-02
 5263.7500 7.1780e+00 1.8209e-02
 5265.0000 7.7032e+00 3.5046e-02
 5266.2500 7.5989e+00 1.2415e-01
 5267.5000 7.0502e+00 6.1907e-02
 5268.7500 6.0306e+00 5.3650e-02
 5270.0000 4.9830e+00 1.3031e-01
 5271.2500 4.4278e+00 5.2551e-02
 5272.5000 4.4425e+00 2.7166e-01
 5273.7500 4.1642e+00 1.1621e-01
 5275.0000 3.9914e+00 1.2425e-02
 5276.2500 4.0167e+00 2.8933e-02
 5277.5000 3.9753e+00 6.4032e-03
 5278.7500 4.0356e+00 5.6054e-02
 5280.0000 4.1063e+00 1.2711e-01
 5281.2500 4.0804e+00 1.0067e-01
 5282.5000 3.7716e+00 2.0912e-01
 5283.7500 4.1016e+00 1.1944e-01
 5285.0000 4.1086e+00 1.2469e-01
 5286.2500 4.0191e+00 3.3117e-02
 5287.5000 4.0986e+00 1.1019e-01
 5288.7500 3.8074e+00 1.8383e-01
 5290.0000 3.8481e+00 1.4615e-01
 5291.2500 4.0366e+00 3.8820e-02
 5292.5000 3.9109e+00 9.0925e-02
 5293.7500 3.9906e+00 1.6381e-02
 5295.0000 3.8276e+00 1.8696e-01
 5296.2500 3.9795e+00 4.8205e-02
 5297.5000 4.0558e+00 2.6518e-03
 5298.7500 4.1305e+00 2.7243e-02
 5300.0000 4.2230e+00 2.3779e-02
 5301.2500 4.2259e+00 1.4663e-01
 5302.5000 4.7522e+00 8.8414e-02
 5303.7500 5.1412e+00 2.6860e-02
 5305.0000 5.5849e+00 1.6703e-01
 5306.2500 6.5036e+00 6.7243e-02
 5307.5000 7.6474e+00 1.3131e-01
 5308.7500 8.5958e+00 1.0899e-01
 5310.0000 9.2376e+00 1.4329e-01
 5311.2500 1.0220e+01 2.1250e-02
 5312.5000 1.1137e+01 1.1836e-02
 5313.7500 1.2625e+01 8.1966e-02
 5315.0000 1.4406e+01 9.3377e-02
 5316.2500 1.5605e+01 1.4444e-02
 5317.5000 1.5261e+01 4.7198e-02
 5318.7500 1.2970e+01 2.8181e-02
 5320.0000 9.8022e+00 3.1169e-02
 5321.2500 7.2531e+00 2.9544e-02
 5322.5000 5.5967e+00 7.7456e-02
 5323.7500 4.8804e+00 9.8291e-02
 5325.0000 4.5933e+00 1.3512e-01
 5326.2500 4.5971e+00 5.4794e-02
 5327.5000 4.6450e+00 1.3378e-02
 5328.7500 4.5649e+00 6.1750e-02
 5330.0000 4.5893e+00 3.3407e-02
 5331.2500 4.6798e+00 6.5522e-02
 5332.5000 4.5576e+00 4.1786e-02
 5333.7500 4.6788e+00 1.0118e-01
 5335.0000 4.4005e+00 1.4866e-01
 5336.2500 4.5272e+00 1.2441e-02
 5337.5000 4.5335e+00 5.7858e-02
 5338.7500 4.5476e+00 1.1474e-01
 5340.0000 4.3074e+00 8.0101e-02
 5341.2500 4.3622e+00 2.1267e-02
 5342.5000 4.3363e+00 4.2059e-02
 5343.7500 4.1779e+00 7.0668e-02
 5345.0000 4.1934e+00 1.1149e-02
 5346.2500 4.1725e+00 9.3110e-03
 5347.5000 4.1084e+00 1.6391e-02
 5348.7500 4.0206e+00 6.9254e-02
 5350.0000 3.8339e+00 2.2467e-01
 5351.2500 3.9378e+00 9.3036e-02
 5352.5000 4.0225e+00 1.5774e-02
 5353.7500 3.9587e+00 2.7373e-02
 5355.0000 4.0784e+00 1.0992e-01
 5356.2500 4.0894e+00 1.3562e-01
 5357.5000 3.9533e+00 1.1853e-02
 5358.7500 3.8674e+00 6.4052e-02
 5360.0000 3.8435e+00 7.9685e-02
 5361.2500 3.9564e+00 3.9846e-02
 5362.5000 3.9493e+00 3.8233e-02
 5363.7500 3.9372e+00 3.0554e-02
 5365.0000 4.0249e+00 1.2176e-01
 5366.2500 3.9835e+00 8.3352e-02
 5367.5000 3.7846e+00 1.1311e-01
 5368.7500 3.8085e+00 8.7131e-02
 5370.0000 4.0041e+00 1.1028e-01
 5371.2500 3.8579e+00 3.4276e-02
 5372.5000 3.9239e+00 3.3124e-02
 5373.7500 3.8728e+00 1.6665e-02
 5375.0000 3.6422e+00 2.4601e-01
 5376.2500 3.8758e+00 1.1138e-02
 5377.5000 3.8865e+00 7.1236e-04
 5378.7500 3.8946e+00 9.8899e-03
 5380.0000 3.8316e+00 5.2015e-02
 5381.2500 3.6855e+00 1.9700e-01
 5382.5000 3.9807e+00 9.9271e-02
 5383.7500 3.8295e+00 5.0824e-02
 5385.0000 3.8962e+00 1.6935e-02
 5386.2500 4.0145e+00 1.3629e-01
 5387.5000 3.7896e+00 8.7542e-02
 5388.7500 3.7221e+00 1.5399e-01
 5390.0000 3.9941e+00 1.1902e-01
 5391.2500 3.9871e+00 1.1308e-01
 5392.5000 4.1105e+00 2.3740e-01
 5393.7500 3.8931e+00 2.1045e-02
 5395.0000 3.9213e+00 5.0227e-02
 5396.2500 3.9579e+00 8.7854e-02
 5397.5000 3.9832e+00 1.1411e-01
 5398.7500 3.7670e+00 1.0109e-01
 5400.0000 3.9605e+00 9.3335e-02
 5401.2500 3.9513e+00 8.5092e-02
 5402.5000 3.8085e+00 5.6827e-02
 5403.7500 3.8586e+00 5.7989e-03
 5405.0000 3.9152e+00 5.1776e-02
 5406.2500 3.7974e+00 6.5158e-02
 5407.5000 3.8770e+00 1.5389e-02
 5408.7500 3.8070e+00 5.3746e-02
 5410.0000 3.7432e+00 1.1666e-01
 5411.2500 3.7876e+00 7.1346e-02
 5412.5000 3.9633e+00 1.0523e-01
 5413.7500 3.8472e+00 9.9303e-03
 5415.0000 3.8096e+00 4.6588e-02
 5416.2500 3.9698e+00 1.1448e-01
 5417.5000 3.8359e+00 1.8492e-02
 5418.7500 3.7994e+00 5.4027e-02
 5420.0000 3.9212e+00 6.8701e-02
 5421.2500 3.7398e+00 1.1180e-01
 5422.5000 3.7843e+00 6.6344e-02
 5423.7500 3.8231e+00 2.6656e-02
 5425.0000 3.7367e+00 1.1213e-01
 5426.2500 3.7202e+00 1.2774e-01
 5427.5000 3.8571e+00 1.0011e-02
 5428.7500 4.1368e+00 2.9059e-01
 5430.0000 3.8298e+00 1.5542e-02
 5431.2500 3.9024e+00 5.7872e-02
 5432.5000 3.8272e+00 1.6510e-02
 5433.7500 3.6361e+00 2.0681e-01
 5435.0000 3.7542e+00 8.7943e-02
 5436.2500 3.8820e+00 4.0611e-02
 5437.5000 3.8510e+00 1.0401e-02
 5438.7500 3.8003e+00 3.9586e-02
 5440.0000 3.9562e+00 1.1697e-01
 5441.2500 3.8272e+00 1.1381e-02
 5442.5000 3.8051e+00 3.2804e-02
 5443.7500 3.9043e+00 6.6969e-02
 5445.0000 3.8048e+00 3.1952e-02
 5446.2500 3.9834e+00 1.4709e-01
 5447.5000 3.8247e+00 1.1232e-02
 5448.7500 3.8660e+00 3.0313e-02
 5450.0000 3.7788e+00 5.6788e-02
 5451.2500 3.8777e+00 4.2016e-02
 5452.5000 3.8299e+00 6.2747e-03
 5453.7500 3.9209e+00 8.3977e-02
 5455.0000 3.8520e+00 1.3729e-02
 5456.2500 3.8845e+00 4.4414e-02
 5457.5000 3.6446e+00 1.9816e-01
 5458.7500 3.7985e+00 4.7878e-02
 5460.0000 3.8779e+00 2.6784e-02
 5461.2500 3.8732e+00 1.5889e-02
 5462.5000 3.8269e+00 3.8175e-02
 5463.7500 3.8811e+00 6.3863e-03
 5465.0000 3.8054e+00 8.1139e-02
 5466.2500 3.9418e+00 4.1060e-02
 5467.5000 3.9920e+00 7.4426e-02
 5468.7500 3.9273e+00 9.7905e-03
 5470.0000 3.9274e+00 3.2139e-02
 5471.2500 3.9312e+00 5.3743e-02
 5472.5000 4.0114e+00 1.6637e-03
 5473.7500 3.9283e+00 1.1554e-01
 5475.0000 3.9934e+00 8.3475e-02
 5476.2500 4.2182e+00 1.0653e-01
 5477.5000 4.1559e+00 8.0821e-03
 5478.7500 4.2622e+00 7.7806e-02
 5480.0000 4.2586e+00 3.7978e-02
 5481.2500 4.4004e+00 1.4471e-01
 5482.5000 4.4216e+00 1.3297e-01
 5483.7500 4.2272e+00 9.1242e-02
 5485.0000 4.5222e+00 1.7773e-01
 5486.2500 4.4328e+00 6.6948e-02
 5487.5000 4.3273e+00 5.4766e-02
 5488.7500 4.4264e+00 3.3797e-02
 5490.0000 4.4204e+00 2.3100e-02
 5491.2500 4.3235e+00 7.2694e-02
 5492.5000 4.4027e+00 1.3134e-02
 5493.7500 4.3660e+00 1.1898e-02
 5495.0000 4.6045e+00 2.4256e-01
 5496.2500 4.3871e+00 4.4719e-02
 5497.5000 4.4625e+00 1.4214e-01
 5498.7500 4.4760e+00 1.7921e-01
 5500.0000 4.2234e+00 4.9377e-02
 5501.2500 4.0972e+00 1.5206e-01
 5502.5000 4.1581e+00 6.9084e-02
 5503.7500 4.1813e+00 2.5830e-02
 5505.0000 4.0855e+00 1.0428e-01
 5506.2500 4.3095e+00 1.3404e-01
 5507.5000 4.1497e+00 1.4583e-02
 5508.7500 4.2467e+00 9.0585e-02
 5510.0000 4.0937e+00 5.7128e-02
 5511.2500 4.1613e+00 1.3542e-02
 5512.5000 4.1374e+00 9.0744e-03
 5513.7500 4.0414e+00 1.0496e-01
 5515.0000 4.1383e+00 8.2682e-03
 5516.2500 4.2313e+00 8.4836e-02
 5517.5000 4.1646e+00 1.9289e-02
 5518.7500 4.0754e+00 6.7237e-02
 5520.0000 4.2548e+00 1.1672e-01
 5521.2500 4.1162e+00 1.4871e-02
 5522.5000 3.9673e+00 1.5446e-01
 5523.7500 3.9979e+00 1.1206e-01
 5525.0000 4.2592e+00 1.6330e-01
 5526.2500 3.8690e+00 2.1099e-01
 5527.5000 4.0441e+00 1.8440e-02
 5528.7500 4.1839e+00 1.3970e-01
 5530.0000 4.0420e+00 1.6472e-02
 5531.2500 4.0487e+00 4.1482e-02
 5532.5000 4.0030e+00 1.3098e-02
 5533.7500 3.9665e+00 7.7134e-03
 5535.0000 3.7841e+00 1.7656e-01
 5536.2500 4.0631e+00 1.1323e-01
 5537.5000 3.9798e+00 3.7645e-02
 5538.7500 3.9034e+00 3.4500e-02
 5540.0000 3.7306e+00 2.0659e-01
 5541.2500 3.8845e+00 5.5575e-02
 5542.5000 3.8477e+00 9.8877e-02
 5543.7500 3.9648e+00 8.4406e-03
 5545.0000 4.1029e+00 1.3382e-01
 5546.2500 3.8225e+00 1.6196e-01
 5547.5000 3.9295e+00 7.2171e-02
 5548.7500 4.0859e+00 6.5658e-02
 5550.0000 4.0874e+00 4.7996e-02
 5551.2500 4.1164e+00 5.7919e-02
 5552.5000 4.0462e+00 3.0443e-02
 5553.7500 3.9617e+00 1.3149e-01
 5555.0000 4.2446e+00 1.3699e-01
 5556.2500 4.0223e+00 9.6792e-02
 5557.5000 4.1320e+00 4.6680e-03
 5558.7500 4.1849e+00 5.2923e-02
 5560.0000 4.1621e+00 2.9212e-02
 5561.2500 4.2264e+00 9.6487e-02
 5562.5000 4.1132e+00 9.9975e-03
 5563.7500 4.2852e+00 1.7199e-01
 5565.0000 4.0139e+00 8.6187e-02
 5566.2500 3.9108e+00 1.7381e-01
 5567.5000 3.9424e+00 1.2488e-01
 5568.7500 4.0934e+00 4.4667e-02
 5570.0000 4.0953e+00 6.5548e-02
 5571.2500 4.0633e+00 5.2226e-02
 5572.5000 3.9342e+00 5.9189e-02
 5573.7500 3.8915e+00 8.5866e-02
 5575.0000 3.9558e+00 7.8766e-03
 5576.2500 4.0686e+00 1.1591e-01
 5577.5000 3.9848e+00 3.9811e-02
 5578.7500 4.1653e+00 2.2436e-01
 5580.0000 4.0161e+00 7.5445e-02
 5581.2500 3.9594e+00 1.5017e-02
 5582.5000 3.9182e+00 3.3856e-02
 5583.7500 3.8564e+00 1.0723e-01
 5585.0000 3.9105e+00 6.8504e-02
 5586.2500 3.9515e+00 4.6222e-02
 5587.5000 3.9953e+00 2.4213e-02
 5588.7500 4.1876e+00 1.4381e-01
 5590.0000 4.0431e+00 2.6870e-02
 5591.2500 3.8808e+00 2.1649e-01
 5592.5000 4.1628e+00 3.7645e-02
 5593.7500 4.1581e+00 5.5945e-03
 5595.0000 4.1674e+00 1.1285e-02
 5596.2500 4.1895e+00 1.3229e-02
 5597.5000 4.2291e+00 5.1729e-03
 5598.7500 4.2402e+00 1.3374e-03
 5600.0000 4.3361e+00 8.1277e-02
 5601.2500 4.2721e+00 8.8039e-03
 5602.5000 4.2718e+00 5.2319e-03
 5603.7500 4.3675e+00 1.0301e-01
 5605.0000 4.0953e+00 1.6185e-01
 5606.2500 4.2154e+00 2.9182e-02
 5607.5000 4.3074e+00 8.0242e-02
 5608.7500 4.3059e+00 1.0031e-01
 5610.0000 4.1150e+00 6.5305e-02
 5611.2500 4.1895e+00 3.7158e-02
 5612.5000 4.2046e+00 8.2057e-02
 5613.7500 3.8311e+00 2.6067e-01
 5615.0000 4.1066e+00 4.5499e-02
 5616.2500 3.8030e+00 2.2856e-01
 5617.5000 4.0574e+00 5.3519e-02
 5618.7500 3.7828e+00 1.9631e-01
 5620.0000 3.9172e+00 4.0702e-02
 5621.2500 3.9717e+00 3.0637e-02
 5622.5000 3.8978e+00 3.1140e-02
 5623.7500 3.8971e+00 2.4921e-02
 5625.0000 3.9182e+00 2.4423e-03
 5626.2500 3.9478e+00 2.2935e-02
 5627.5000 3.9507e+00 1.6061e-02
 5628.7500 3.9418e+00 7.8820e-03
 5630.0000 4.0761e+00 1.0637e-01
 5631.2500 4.0619e+00 6.7687e-02
 5632.5000 4.1293e+00 1.0678e-01
 5633.7500 4.3013e+00 2.4751e-01
 5635.0000 4.1069e+00 1.9667e-02
 5636.2500 4.0803e+00 4.1416e-02
 5637.5000 4.0833e+00 7.3017e-02
 5638.7500 4.3463e+00 1.5644e-01
 5640.0000 4.1754e+00 4.5851e-02
 5641.2500 4.4253e+00 1.7577e-01
 5642.5000 4.1787e+00 9.4914e-02
 5643.7500 4.1982e+00 9.4631e-02
 5645.0000 4.2674e+00 3.9033e-02
 5646.2500 4.3337e+00 1.9785e-02
 5647.5000 4.3868e+00 7.1864e-02
 5648.7500 4.3965e+00 8.6878e-02
 5650.0000 4.2201e+00 7.7843e-02
 5651.2500 4.2211e+00 5.9215e-02
 5652.5000 4.3292e+00 7.1863e-02
 5653.7500 4.0700e+00 1.5959e-01
 5655.0000 3.9980e+00 1.9993e-01
 5656.2500 4.1011e+00 6.2114e-02
 5657.5000 4.0728e+00 5.3660e-02
 5658.7500 4.1253e+00 3.6862e-02
 5660.0000 3.9357e+00 1.1440e-01
 5661.2500 4.0653e+00 5.2963e-02
 5662.5000 4.0553e+00 7.9520e-02
 5663.7500 3.9858e+00 4.4637e-02
 5665.0000 3.9623e+00 5.3398e-02
 5666.2500 3.7942e+00 8.5238e-02
 5667.5000 3.6700e+00 1.8315e-01
 5668.7500 3.8812e+00 5.0997e-02
 5670.0000 3.7367e+00 7.3909e-02
 5671.2500 3.7697e+00 2.4774e-02
 5672.5000 3.7579e+00 2.3821e-02
 5673.7500 3.6841e+00 8.8160e-02
 5675.0000 3.9134e+00 1.4747e-01
 5676.2500 3.7606e+00 1.7860e-03
 5677.5000 3.7417e+00 1.9956e-02
 5678.7500 3.7906e+00 2.7294e-02
 5680.0000 3.6767e+00 9.0254e-02
 5681.2500 3.8263e+00 5.3756e-02
 5682.5000 3.7834e+00 3.9966e-03
 5683.7500 3.7336e+00 5.3772e-02
 5685.0000 3.7588e+00 3.7287e-02
 5686.2500 3.8705e+00 6.5545e-02
 5687.5000 3.9005e+00 8.6799e-02
 5688.7500 3.8535e+00 3.1455e-02
 5690.0000 3.8598e+00 3.0446e-02
 5691.2500 3.8710e+00 3.5502e-02
 5692.5000 3.8156e+00 2.4472e-02
 5693.7500 3.9686e+00 1.2565e-01
 5695.0000 3.6614e+00 1.8243e-01
 5696.2500 3.8825e+00 3.9928e-02
 5697.5000 3.9224e+00 8.3105e-02
 5698.7500 3.8506e+00 1.6572e-02
 5700.0000 3.9396e+00 1.1285e-01
 5701.2500 3.8509e+00 3.3174e-02
 5702.5000 3.7576e+00 4.9520e-02
 5703.7500 3.8249e+00 2.9633e-02
 5705.0000 3.8462e+00 6.3778e-02
 5706.2500 3.7191e+00 4.9768e-02
 5707.5000 3.8933e+00 1.3839e-01
 5708.7500 3.6803e+00 6.0495e-02
 5710.0000 3.6031e+00 1.2388e-01
 5711.2500 3.6939e+00 1.9636e-02
 5712.5000 3.6986e+00 2.0910e-03
 5713.7500 3.5692e+00 1.1948e-01
 5715.0000 3.6073e+00 7.0206e-02
 5716.2500 3.5318e+00 1.3559e-01
 5717.5000 3.6568e+00 1.4433e-03
 5718.7500 3.6715e+00 2.1297e-02
 5720.0000 3.7251e+00 8.1962e-02
 5721.2500 3.5301e+00 1.0704e-01
 5722.5000 3.5273e+00 1.0472e-01
 5723.7500 3.7049e+00 7.7124e-02
 5725.0000 3.6139e+00 1.0598e-02
 5726.2500 3.7471e+00 1.2523e-01
 5727.5000 3.5749e+00 4.5118e-02
 5728.7500 3.6018e+00 1.7017e-02
 5730.0000 3.5435e+00 7.4791e-02
 5731.2500 3.5142e+00 1.0419e-01
 5732.5000 3.5825e+00 3.6564e-02
 5733.7500 3.7443e+00 1.2405e-01
 5735.0000 3.4780e+00 1.4415e-01
 5736.2500 3.5396e+00 8.4970e-02
 5737.5000 3.5433e+00 8.4251e-02
 5738.7500 3.7471e+00 1.1591e-01
 5740.0000 3.5761e+00 5.9264e-02
 5741.2500 3.7859e+00 1.4582e-01
 5742.5000 3.5843e+00 6.1149e-02
 5743.7500 3.7237e+00 7.2411e-02
 5745.0000 3.6456e+00 1.2112e-02
 5746.2500 3.5771e+00 8.7347e-02
 5747.5000 3.5758e+00 9.5782e-02
 5748.7500 3.7095e+00 3.0541e-02
 5750.0000 3.7280e+00 4.1632e-02
 5751.2500 3.7924e+00 9.8503e-02
 5752.5000 3.8878e+00 1.8662e-01
 5753.7500 3.8797e+00 1.7155e-01
 5755.0000 3.7071e+00 7.5203e-03
 5756.2500 3.8818e+00 1.6130e-01
 5757.5000 3.7776e+00 5.2111e-02
 5758.7500 3.8097e+00 8.0199e-02
 5760.0000 3.7539e+00 2.1548e-02
 5761.2500 3.6824e+00 5.1661e-02
 5762.5000 3.7053e+00 2.9094e-02
 5763.7500 3.7967e+00 6.3301e-02
 5765.0000 3.8383e+00 1.0724e-01
 5766.2500 3.8220e+00 9.4591e-02
 5767.5000 3.6886e+00 3.3845e-02
 5768.7500 3.6730e+00 4.3353e-02
 5770.0000 3.7048e+00 4.4755e-03
 5771.2500 3.7057e+00 4.3854e-03
 5772.5000 3.6492e+00 4.3420e-02
 5773.7500 3.8107e+00 1.2732e-01
 5775.0000 3.3782e+00 2.9557e-01
 5776.2500 3.5676e+00 9.6429e-02
 5777.5000 3.6120e+00 4.2397e-02
 5778.7500 3.5159e+00 1.2892e-01
 5780.0000 3.7479e+00 1.1240e-01
 5781.2500 3.6349e+00 8.2283e-03
 5782.5000 3.4701e+00 1.4820e-01
 5783.7500 3.5097e+00 1.0078e-01
 5785.0000 3.7155e+00 1.1225e-01
 5786.2500 3.2889e+00 3.0770e-01
 5787.5000 3.6946e+00 1.0406e-01
 5788.7500 3.6259e+00 4.0731e-02
 5790.0000 3.6156e+00 3.5246e-02
 5791.2500 3.5276e+00 4.8437e-02
 5792.5000 3.5791e+00 6.8380e-03
 5793.7500 3.6915e+00 1.2266e-01
 5795.0000 3.2885e+00 2.7741e-01
 5796.2500 3.4276e+00 1.3571e-01
 5797.5000 3.5922e+00 3.1222e-02
 5798.7500 3.4880e+00 7.0864e-02
 5800.0000 3.4984e+00 5.8691e-02
 5801.2500 3.5014e+00 5.4037e-02
 5802.5000 3.5563e+00 2.3375e-03
 5803.7500 3.7255e+00 1.7296e-01
 5805.0000 3.6344e+00 8.3112e-02
 5806.2500 3.4648e+00 8.5328e-02
 5807.5000 3.5966e+00 4.7642e-02
 5808.7500 3.3671e+00 1.8080e-01
 5810.0000 3.5070e+00 3.9841e-02
 5811.2500 3.4488e+00 9.7087e-02
 5812.5000 3.4458e+00 9.9091e-02
 5813.7500 3.4952e+00 4.8710e-02
 5815.0000 3.4305e+00 1.1244e-01
 5816.2500 3.4053e+00 1.3679e-01
 5817.5000 3.6369e+00 9.5757e-02
 5818.7500 3.3203e+00 2.1997e-01
 5820.0000 3.6392e+00 9.9847e-02
 5821.2500 3.5912e+00 5.2796e-02
 5822.5000 3.4347e+00 1.0285e-01
 5823.7500 3.4348e+00 1.0183e-01
 5825.0000 3.4592e+00 7.6601e-02
 5826.2500 3.4907e+00 4.4128e-02
 5827.5000 3.3936e+00 1.4042e-01
 5828.7500 3.3814e+00 1.5171e-01
 5830.0000 3.5287e+00 3.6390e-03
 5831.2500 3.4918e+00 3.9874e-02
 5832.5000 3.6255e+00 9.4176e-02
 5833.7500 3.6627e+00 1.3164e-01
 5835.0000 3.5633e+00 3.2476e-02
 5836.2500 3.4522e+00 7.8392e-02
 5837.5000 3.5480e+00 1.7480e-02
 5838.7500 3.5383e+00 7.8541e-03
 5840.0000 3.5459e+00 1.5429e-02
 5841.2500 3.6232e+00 9.2537e-02
 5842.5000 3.5409e+00 9.9524e-03
 5843.7500 3.6007e+00 6.9351e-02
 5845.0000 3.5999e+00 6.7935e-02
 5846.2500 3.4039e+00 1.2887e-01
 5847.5000 3.5857e+00 5.1823e-02
 5848.7500 3.6448e+00 1.0970e-01
 5850.0000 3.4899e+00 4.6820e-02
 5851.2500 3.6302e+00 9.1743e-02
 5852.5000 3.6104e+00 6.9730e-02
 5853.7500 3.5875e+00 4.4508e-02
 5855.0000 3.5064e+00 3.9325e-02
 5856.2500 3.6787e+00 1.3006e-01
 5857.5000 3.7697e+00 2.1797e-01
 5858.7500 3.4534e+00 1.0171e-01
 5860.0000 3.3550e+00 2.0354e-01
 5861.2500 3.5584e+00 3.6737e-03
 5862.5000 3.6169e+00 5.1345e-02
 5863.7500 3.6813e+00 1.1232e-01
 5865.0000 3.6227e+00 5.0460e-02
 5866.2500 3.5121e+00 6.3082e-02
 5867.5000 3.6294e+00 5.1709e-02
 5868.7500 3.5159e+00 6.4012e-02
 5870.0000 3.3634e+00 2.1812e-01
 5871.2500 3.5045e+00 7.8185e-02
 5872.5000 3.5515e+00 3.1646e-02
 5873.7500 3.7396e+00 1.5655e-01
 5875.0000 3.6950e+00 1.1271e-01
 5876.2500 3.5110e+00 6.9858e-02
 5877.5000 3.3767e+00 2.0220e-01
 5878.7500 3.6305e+00 5.4100e-02
 5880.0000 3.4767e+00 9.6696e-02
 5881.2500 3.6230e+00 5.2980e-02
 5882.5000 3.5299e+00 3.6460e-02
 5883.7500 3.6763e+00 1.1391e-01
 5885.0000 3.5664e+00 8.0290e-03
 5886.2500 3.6200e+00 6.5750e-02
 5887.5000 3.4901e+00 6.0073e-02
 5888.7500 3.4494e+00 9.6789e-02
 5890.0000 3.6862e+00 1.4384e-01
 5891.2500 3.5148e+00 2.3976e-02
 5892.5000 3.3713e+00 1.6421e-01
 5893.7500 3.4167e+00 1.1583e-01
 5895.0000 3.3809e+00 1.4887e-01
 5896.2500 3.4579e+00 6.9581e-02
 5897.5000 3.5791e+00 5.3694e-02
 5898.7500 3.5021e+00 2.1574e-02
 5900.0000 3.4646e+00 5.7625e-02
 5901.2500 3.4782e+00 4.2887e-02
 5902.5000 3.6632e+00 1.4301e-01
 5903.7500 3.5907e+00 7.1191e-02
 5905.0000 3.4735e+00 4.5523e-02
 5906.2500 3.6488e+00 1.3004e-01
 5907.5000 3.4658e+00 5.2848e-02
 5908.7500 3.5472e+00 2.8452e-02
 5910.0000 3.5390e+00 2.0080e-02
 5911.2500 3.4596e+00 5.9573e-02
 5912.5000 3.3565e+00 1.6310e-01
 5913.7500 3.6268e+00 1.0667e-01
 5915.0000 3.7048e+00 1.8397e-01
 5916.2500 3.4173e+00 1.0417e-01
 5917.5000 3.5166e+00 5.7065e-03
 5918.7500 3.5974e+00 7.4251e-02
 5920.0000 3.6172e+00 9.3165e-02
 5921.2500 3.3984e+00 1.2651e-01
 5922.5000 3.5471e+00 2.1336e-02
 5923.7500 3.5953e+00 6.8665e-02
 5925.0000 3.5275e+00 5.3072e-05
 5926.2500 3.4813e+00 4.6841e-02
 5927.5000 3.4283e+00 1.0033e-01
 5928.7500 3.5895e+00 6.0394e-02
 5930.0000 3.6549e+00 1.2559e-01
 5931.2500 3.5582e+00 2.8878e-02
 5932.5000 3.5228e+00 6.3048e-03
 5933.7500 3.4908e+00 3.7846e-02
 5935.0000 3.6808e+00 1.5279e-01
 5936.2500 3.5774e+00 5.0403e-02
 5937.5000 3.5205e+00 5.3818e-03
 5938.7500 3.6530e+00 1.2851e-01
 5940.0000 3.5098e+00 1.3050e-02
 5941.2500 3.3500e+00 1.7115e-01
 5942.5000 3.4740e+00 4.5295e-02
 5943.7500 3.5302e+00 1.2941e-02
 5945.0000 3.5015e+00 1.3727e-02
 5946.2500 3.5342e+00 2.1145e-02
 5947.5000 3.5683e+00 5.7312e-02
 5948.7500 3.5756e+00 6.6686e-02
 5950.0000 3.6228e+00 1.1587e-01
 5951.2500 3.6877e+00 1.8275e-01
 5952.5000 3.6383e+00 1.3520e-01
 5953.7500 3.6140e+00 1.1262e-01
 5955.0000 3.6196e+00 1.1981e-01
 5956.2500 3.4909e+00 7.3387e-03
 5957.5000 3.5589e+00 6.1998e-02
 5958.7500 3.5357e+00 4.0075e-02
 5960.0000 3.6755e+00 1.8098e-01
 5961.2500 3.5450e+00 5.1514e-02
 5962.5000 3.6972e+00 2.0468e-01
 5963.7500 3.4733e+00 1.8399e-02
 5965.0000 3.5946e+00 1.0369e-01
 5966.2500 3.4473e+00 4.2937e-02
 5967.5000 3.4183e+00 7.1283e-02
 5968.7500 3.4472e+00 4.1769e-02
 5970.0000 3.5414e+00 5.2906e-02
 5971.2500 3.4902e+00 2.2590e-03
 5972.5000 3.5503e+00 6.2857e-02
 5973.7500 3.4935e+00 6.4373e-03
 5975.0000 3.4773e+00 9.3310e-03
 5976.2500 3.5080e+00 2.1813e-02
 5977.5000 3.5328e+00 4.7018e-02
 5978.7500 3.5632e+00 7.7856e-02
 5980.0000 3.3870e+00 9.7900e-02
 5981.2500 3.4088e+00 7.5791e-02
 5982.5000 3.3995e+00 8.4632e-02
 5983.7500 3.4516e+00 3.2208e-02
 5985.0000 3.6655e+00 1.8210e-01
 5986.2500 3.4208e+00 6.2184e-02
 5987.5000 3.4688e+00 1.3834e-02
 5988.7500 3.4190e+00 6.3230e-02
 5990.0000 3.5404e+00 5.8543e-02
 5991.2500 3.3088e+00 1.7266e-01
 5992.5000 3.3426e+00 1.3850e-01
 5993.7500 3.4272e+00 5.3539e-02
 5995.0000 3.5119e+00 3.1610e-02
 5996.2500 3.5858e+00 1.0588e-01
 5997.5000 3.5324e+00 5.2835e-02
 5998.7500 3.3823e+00 9.6854e-02
 6000.0000 3.2741e+00 2.0471e-01
 6001.2500 3.6238e+00 1.4544e-01
 6002.5000 3.4213e+00 5.6745e-02
 6003.7500 3.3899e+00 8.7747e-02
 6005.0000 3.4256e+00 5.1615e-02
 6006.2500 3.4347e+00 4.2190e-02
 6007.5000 3.5137e+00 3.7156e-02
 6008.7500 3.3759e+00 1.0026e-01
 6010.0000 3.4631e+00 1.2588e-02
 6011.2500 3.5647e+00 8.9354e-02
 6012.5000 3.5188e+00 4.3794e-02
 6013.7500 3.4346e+00 4.0011e-02
 6015.0000 3.5201e+00 4.5863e-02
 6016.2500 3.4384e+00 3.5425e-02
 6017.5000 3.5420e+00 6.8524e-02
 6018.7500 3.5201e+00 4.7012e-02
 6020.0000 3.3440e+00 1.2865e-01
 6021.2500 3.3946e+00 7.7673e-02
 6022.5000 3.6229e+00 1.5100e-01
 6023.7500 3.4251e+00 4.6427e-02
 6025.0000 3.4034e+00 6.7800e-02
 6026.2500 3.4744e+00 3.6149e-03
 6027.5000 3.3924e+00 7.8016e-02
 6028.7500 3.5054e+00 3.5369e-02
 6030.0000 3.5971e+00 1.2742e-01
 6031.2500 3.6483e+00 1.7903e-01
 6032.5000 3.5044e+00 3.5535e-02
 6033.7500 3.5407e+00 7.2201e-02
 6035.0000 3.5078e+00 3.9685e-02
 6036.2500 3.5442e+00 7.6455e-02
 6037.5000 3.5288e+00 6.1379e-02
 6038.7500 3.2327e+00 2.3430e-01
 6040.0000 3.4237e+00 4.2956e-02
 6041.2500 3.5302e+00 6.3983e-02
 6042.5000 3.4572e+00 8.7096e-03
 6043.7500 3.5576e+00 9.2055e-02
 6045.0000 3.4535e+00 1.1592e-02
 6046.2500 3.5228e+00 5.8007e-02
 6047.5000 3.5499e+00 8.5530e-02
 6048.7500 3.4413e+00 2.2728e-02
 6050.0000 3.1772e+00 2.8640e-01
 6051.2500 3.5412e+00 7.7920e-02
 6052.5000 3.3724e+00 9.0516e-02
 6053.7500 3.5612e+00 9.8664e-02
 6055.0000 3.3728e+00 8.9352e-02
 6056.2500 3.4831e+00 2.1336e-02
 6057.5000 3.5429e+00 8.1521e-02
 6058.7500 3.3458e+00 1.1515e-01
 6060.0000 3.5074e+00 4.6803e-02
 6061.2500 3.4782e+00 1.7932e-02
 6062.5000 3.4830e+00 2.3174e-02
 6063.7500 3.3604e+00 9.9039e-02
 6065.0000 3.3564e+00 1.0267e-01
 6066.2500 3.3175e+00 1.4127e-01
 6067.5000 3.5437e+00 8.5311e-02
 6068.7500 3.2413e+00 2.1664e-01
 6070.0000 3.4329e+00 2.4716e-02
 6071.2500 3.3284e+00 1.2887e-01
 6072.5000 3.2902e+00 1.6667e-01
 6073.7500 3.5436e+00 8.7139e-02
 6075.0000 3.3613e+00 9.4828e-02
 6076.2500 3.4333e+00 2.2433e-02
 6077.5000 3.3417e+00 1.1367e-01
 6078.7500 3.3567e+00 9.8325e-02
 6080.0000 3.4462e+00 8.3668e-03
 6081.2500 3.3734e+00 8.0820e-02
 6082.5000 3.5483e+00 9.4428e-02
 6083.7500 3.5671e+00 1.1362e-01
 6085.0000 3.4258e+00 2.7362e-02
 6086.2500 3.5341e+00 8.1371e-02
 6087.5000 3.3568e+00 9.5547e-02
 6088.7500 3.2523e+00 1.9966e-01
 6090.0000 3.4928e+00 4.1186e-02
 6091.2500 3.3672e+00 8.4004e-02
 6092.5000 3.3276e+00 1.2330e-01
 6093.7500 3.1031e+00 3.4742e-01
 6095.0000 3.5498e+00 9.9658e-02
 6096.2500 3.5388e+00 8.8994e-02
 6097.5000 3.3879e+00 6.1445e-02
 6098.7500 3.5955e+00 1.4650e-01
 6100.0000 3.3524e+00 9.6228e-02
 6101.2500 3.2943e+00 1.5397e-01
 6102.5000 3.4766e+00 2.8682e-02
 6103.7500 3.4426e+00 4.9750e-03
 6105.0000 3.4206e+00 2.6567e-02
 6106.2500 3.7041e+00 2.5726e-01
 6107.5000 3.3609e+00 8.5494e-02
 6108.7500 3.5012e+00 5.5149e-02
 6110.0000 3.6427e+00 1.9706e-01
 6111.2500 3.5769e+00 1.3162e-01
 6112.5000 3.5463e+00 1.0140e-01
 6113.7500 3.3272e+00 1.1741e-01
 6115.0000 3.5084e+00 6.4251e-02
 6116.2500 3.4178e+00 2.6063e-02
 6117.5000 3.2845e+00 1.5898e-01
 6118.7500 3.4775e+00 3.4469e-02
 6120.0000 3.4899e+00 4.7202e-02
 6121.2500 3.3676e+00 7.4708e-02
 6122.5000 3.3321e+00 1.0991e-01
 6123.7500 3.3628e+00 7.8819e-02
 6125.0000 3.5407e+00 9.9439e-02
 6126.2500 3.5733e+00 1.3243e-01
 6127.5000 3.4500e+00 9.5078e-03
 6128.7500 3.3240e+00 1.1612e-01
 6130.0000 3.4097e+00 3.0012e-02
 6131.2500 3.5766e+00 1.3720e-01
 6132.5000 3.3118e+00 1.2725e-01
 6133.7500 3.3719e+00 6.6747e-02
 6135.0000 3.4131e+00 2.5182e-02
 6136.2500 3.4430e+00 5.0554e-03
 6137.5000 3.3926e+00 4.4913e-02
 6138.7500 3.4171e+00 2.0107e-02
 6140.0000 3.4442e+00 7.3419e-03
 6141.2500 3.5009e+00 6.4429e-02
 6142.5000 3.3635e+00 7.2602e-02
 6143.7500 3.5738e+00 1.3804e-01
 6145.0000 3.4508e+00 1.5462e-02
 6146.2500 3.3935e+00 4.1506e-02
 6147.5000 3.2319e+00 2.0271e-01
 6148.7500 3.3761e+00 5.8159e-02
 6150.0000 3.3664e+00 6.7578e-02
 6151.2500 3.4861e+00 5.2455e-02
 6152.5000 3.4372e+00 3.9827e-03
 6153.7500 3.3943e+00 3.8638e-02
 6155.0000 3.3673e+00 6.5259e-02
 6156.2500 3.3612e+00 7.1066e-02
 6157.5000 3.5295e+00 9.7481e-02
 6158.7500 3.6070e+00 1.7529e-01
 6160.0000 3.3273e+00 1.0415e-01
 6161.2500 3.4420e+00 1.0893e-02
 6162.5000 3.5431e+00 1.1222e-01
 6163.7500 3.5835e+00 1.5281e-01
 6165.0000 3.6470e+00 2.1644e-01
 6166.2500 3.4763e+00 4.5887e-02
 6167.5000 3.5433e+00 1.1307e-01
 6168.7500 3.4367e+00 6.4541e-03
 6170.0000 3.4052e+00 2.5016e-02
 6171.2500 3.4563e+00 2.5966e-02
 6172.5000 3.5348e+00 1.0433e-01
 6173.7500 3.3790e+00 5.1646e-02
 6175.0000 3.6377e+00 2.0667e-01
 6176.2500 3.4589e+00 2.7437e-02
 6177.5000 3.4878e+00 5.5853e-02
 6178.7500 3.5304e+00 9.7703e-02
 6180.0000 3.4881e+00 5.4601e-02
 6181.2500 3.6595e+00 2.2502e-01
 6182.5000 3.4169e+00 1.8845e-02
 6183.7500 3.3548e+00 8.2354e-02
 6185.0000 3.4074e+00 3.1370e-02
 6186.2500 3.4928e+00 5.2133e-02
 6187.5000 3.4690e+00 2.6159e-02
 6188.7500 3.3715e+00 7.3871e-02
 6190.0000 3.4644e+00 1.6327e-02
 6191.2500 3.3710e+00 8.0261e-02
 6192.5000 3.4568e+00 2.0407e-03
 6193.7500 3.3559e+00 1.0274e-01
 6195.0000 3.3348e+00 1.2805e-01
 6196.2500 3.3898e+00 7.7840e-02
 6197.5000 3.4334e+00 3.9321e-02
 6198.7500 3.5237e+00 4.5382e-02
 6200.0000 3.4647e+00 1.9668e-02
 6201.2500 3.4346e+00 5.6343e-02
 6202.5000 3.5632e+00 6.5274e-02
 6203.7500 3.3891e+00 1.1634e-01
 6205.0000 3.5521e+00 3.8730e-02
 6206.2500 3.6402e+00 1.1839e-01
 6207.5000 3.5724e+00 4.1667e-02
 6208.7500 3.5354e+00 4.6046e-03
 6210.0000 3.4742e+00 7.5486e-02
 6211.2500 3.5809e+00 2.1169e-02
 6212.5000 3.5742e+00 4.0781e-03
 6213.7500 3.7448e+00 1.6406e-01
 6215.0000 3.4131e+00 1.7851e-01
 6216.2500 3.5781e+00 2.4479e-02
 6217.5000 3.5511e+00 6.2610e-02
 6218.7500 3.6745e+00 4.9606e-02
 6220.0000 3.7023e+00 6.6373e-02
 6221.2500 3.6467e+00 2.6716e-04
 6222.5000 3.6539e+00 3.7735e-03
 6223.7500 3.6576e+00 1.0589e-02
 6225.0000 3.7668e+00 8.8529e-02
 6226.2500 3.8140e+00 1.2603e-01
 6227.5000 3.6249e+00 7.2172e-02
 6228.7500 3.5511e+00 1.5441e-01
 6230.0000 3.5664e+00 1.4696e-01
 6231.2500 3.5454e+00 1.7513e-01
 6232.5000 3.8145e+00 8.7204e-02
 6233.7500 3.6948e+00 4.0348e-02
 6235.0000 3.6781e+00 6.9642e-02
 6236.2500 3.9161e+00 1.4321e-01
 6237.5000 3.9423e+00 1.2303e-01
 6238.7500 3.7609e+00 1.2646e-01
 6240.0000 3.7698e+00 1.8929e-01
 6241.2500 3.9220e+00 7.9654e-02
 6242.5000 4.0413e+00 5.0822e-02
 6243.7500 3.7962e+00 1.3491e-01
 6245.0000 3.6321e+00 2.2186e-01
 6246.2500 3.8537e+00 6.4848e-02
 6247.5000 3.6080e+00 1.3909e-01
 6248.7500 3.7341e+00 9.9794e-03
 6250.0000 3.5739e+00 1.3687e-01
 6251.2500 3.7927e+00 9.1875e-02
 6252.5000 3.7642e+00 7.2909e-02
 6253.7500 3.5604e+00 1.2111e-01
 6255.0000 3.6104e+00 6.0861e-02
 6256.2500 3.7521e+00 9.1624e-02
 6257.5000 3.5233e+00 1.2607e-01
 6258.7500 3.5444e+00 9.3476e-02
 6260.0000 3.7406e+00 1.1434e-01
 6261.2500 3.5705e+00 4.3924e-02
 6262.5000 3.6892e+00 8.6636e-02
 6263.7500 3.5263e+00 6.4495e-02
 6265.0000 3.5075e+00 7.1501e-02
 6266.2500 3.6512e+00 8.3812e-02
 6267.5000 3.5184e+00 3.7591e-02
 6268.7500 3.6179e+00 7.3049e-02
 6270.0000 3.5436e+00 9.5152e-03
 6271.2500 3.4618e+00 6.1807e-02
 6272.5000 3.5642e+00 5.0647e-02
 6273.7500 3.6277e+00 1.2378e-01
 6275.0000 3.5586e+00 6.3832e-02
 6276.2500 3.6470e+00 1.6099e-01
 6277.5000 3.5348e+00 5.7073e-02
 6278.7500 3.5255e+00 5.5531e-02
 6280.0000 3.4109e+00 5.1798e-02
 6281.2500 3.5651e+00 1.0924e-01
 6282.5000 3.4621e+00 1.2586e-02
 6283.7500 3.6697e+00 2.2614e-01
 6285.0000 3.3830e+00 5.5096e-02
 6286.2500 3.4552e+00 2.2107e-02
 6287.5000 3.5632e+00 1.3474e-01
 6288.7500 3.3927e+00 3.1595e-02
 6290.0000 3.4230e+00 2.6523e-03
 6291.2500 3.5188e+00 1.0194e-01
 6292.5000 3.4497e+00 3.6001e-02
 6293.7500 3.3500e+00 6.0746e-02
 6295.0000 3.4833e+00 7.5202e-02
 6296.2500 3.3999e+00 5.8302e-03
 6297.5000 3.4244e+00 2.0819e-02
 6298.7500 3.2135e+00 1.8815e-01
 6300.0000 3.3909e+00 8.9292e-03
 6301.2500 3.4193e+00 2.1034e-02
 6302.5000 3.4743e+00 7.7494e-02
 6303.7500 3.5631e+00 1.6760e-01
 6305.0000 3.4416e+00 4.7215e-02
 6306.2500 3.3902e+00 3.1156e-03
 6307.5000 3.2884e+00 1.0386e-01
 6308.7500 3.1933e+00 1.9809e-01
 6310.0000 3.3569e+00 3.3617e-02
 6311.2500 3.4081e+00 1.8257e-02
 6312.5000 3.3472e+00 4.1923e-02
 6313.7500 3.3479e+00 4.0515e-02
 6315.0000 3.3104e+00 7.7392e-02
 6316.2500 3.2367e+00 1.5056e-01
 6317.5000 3.4418e+00 5.5083e-02
 6318.7500 3.3950e+00 8.8257e-03
 6320.0000 3.3952e+00 9.4383e-03
 6321.2500 3.5420e+00 1.5671e-01
 6322.5000 3.2991e+00 8.5712e-02
 6323.7500 3.4044e+00 1.9898e-02
 6325.0000 3.2788e+00 1.0527e-01
 6326.2500 3.3927e+00 8.9642e-03
 6327.5000 3.3083e+00 7.5099e-02
 6328.7500 3.4795e+00 9.6358e-02
 6330.0000 3.2540e+00 1.2882e-01
 6331.2500 3.3833e+00 6.7578e-04
 6332.5000 3.4024e+00 2.0000e-02
 6333.7500 3.2901e+00 9.2185e-02
 6335.0000 3.2470e+00 1.3520e-01
 6336.2500 3.3688e+00 1.3263e-02
 6337.5000 3.2973e+00 8.4772e-02
 6338.7500 3.2910e+00 9.1090e-02
 6340.0000 3.4694e+00 8.7206e-02
 6341.2500 3.4872e+00 1.0489e-01
 6342.5000 3.2484e+00 1.3402e-01
 6343.7500 3.4484e+00 6.5740e-02
 6345.0000 3.4680e+00 8.5056e-02
 6346.2500 3.4342e+00 5.1006e-02
 6347.5000 3.4430e+00 5.9421e-02
 6348.7500 3.3145e+00 6.9384e-02
 6350.0000 3.4922e+00 1.0796e-01
 6351.2500 3.5249e+00 1.4036e-01
 6352.5000 3.2392e+00 1.4574e-01
 6353.7500 3.2767e+00 1.0846e-01
 6355.0000 3.3901e+00 4.6787e-03
 6356.2500 3.4949e+00 1.0927e-01
 6357.5000 3.4965e+00 1.1073e-01
 6358.7500 3.3605e+00 2.5397e-02
 6360.0000 3.3125e+00 7.3337e-02
 6361.2500 3.3512e+00 3.4542e-02
 6362.5000 3.5548e+00 1.6934e-01
 6363.7500 3.4673e+00 8.2155e-02
 6365.0000 3.5502e+00 1.6544e-01
 6366.2500 3.4173e+00 3.3127e-02
 6367.5000 3.3939e+00 1.0395e-02
 6368.7500 3.2128e+00 1.7005e-01
 6370.0000 3.3676e+00 1.4367e-02
 6371.2500 3.2843e+00 9.6840e-02
 6372.5000 3.3027e+00 7.7441e-02
 6373.7500 3.2763e+00 1.0286e-01
 6375.0000 3.4115e+00 3.3325e-02
 6376.2500 3.2037e+00 1.7343e-01
 6377.5000 3.4120e+00 3.5887e-02
 6378.7500 3.4792e+00 1.0418e-01
 6380.0000 3.4663e+00 9.2220e-02
 6381.2500 3.3563e+00 1.6693e-02
 6382.5000 3.2997e+00 7.2377e-02
 6383.7500 3.4564e+00 8.5301e-02
 6385.0000 3.3814e+00 1.1098e-02
 6386.2500 3.4101e+00 4.0647e-02
 6387.5000 3.3576e+00 1.1042e-02
 6388.7500 3.3022e+00 6.5723e-02
 6390.0000 3.2925e+00 7.4654e-02
 6391.2500 3.5272e+00 1.6066e-01
 6392.5000 3.2143e+00 1.5165e-01
 6393.7500 3.2286e+00 1.3674e-01
 6395.0000 3.2378e+00 1.2702e-01
 6396.2500 3.1770e+00 1.8732e-01
 6397.5000 3.2587e+00 1.0510e-01
 6398.7500 3.4154e+00 5.2080e-02
 6400.0000 3.3066e+00 5.6292e-02
 6401.2500 3.2772e+00 8.5258e-02
 6402.5000 3.3669e+00 4.7893e-03
 6403.7500 3.4384e+00 7.6717e-02
 6405.0000 3.2271e+00 1.3425e-01
 6406.2500 3.2880e+00 7.2926e-02
 6407.5000 3.4323e+00 7.1707e-02
 6408.7500 3.2449e+00 1.1533e-01
 6410.0000 3.4577e+00 9.7827e-02
 6411.2500 3.4732e+00 1.1373e-01
 6412.5000 3.2847e+00 7.4413e-02
 6413.7500 3.3432e+00 1.5645e-02
 6415.0000 3.3011e+00 5.7346e-02
 6416.2500 3.3517e+00 6.3901e-03
 6417.5000 3.3274e+00 3.0393e-02
 6418.7500 3.3755e+00 1.8087e-02
 6420.0000 3.3271e+00 3.0011e-02
 6421.2500 3.3459e+00 1.0861e-02
 6422.5000 3.4245e+00 6.8001e-02
 6423.7500 3.3710e+00 1.4855e-02
 6425.0000 3.2297e+00 1.2618e-01
 6426.2500 3.2450e+00 1.1058e-01
 6427.5000 3.4937e+00 1.3842e-01
 6428.7500 3.4157e+00 6.0666e-02
 6430.0000 3.4551e+00 1.0030e-01
 6431.2500 3.3254e+00 2.9089e-02
 6432.5000 3.3873e+00 3.3021e-02
 6433.7500 3.3027e+00 5.1390e-02
 6435.0000 3.2424e+00 1.1149e-01
 6436.2500 3.2772e+00 7.6565e-02
 6437.5000 3.2993e+00 5.4353e-02
 6438.7500 3.5129e+00 1.5931e-01
 6440.0000 3.3989e+00 4.5485e-02
 6441.2500 3.3158e+00 3.7644e-02
 6442.5000 3.4109e+00 5.7590e-02
 6443.7500 3.5166e+00 1.6323e-01
 6445.0000 3.1583e+00 1.9506e-01
 6446.2500 3.3190e+00 3.4348e-02
 6447.5000 3.3521e+00 1.3181e-03
 6448.7500 3.3646e+00 1.1214e-02
 6450.0000 3.2198e+00 1.3359e-01
 6451.2500 3.3717e+00 1.8212e-02
 6452.5000 3.3144e+00 3.9031e-02
 6453.7500 3.4564e+00 1.0302e-01
 6455.0000 3.3485e+00 4.8628e-03
 6456.2500 3.1918e+00 1.6147e-01
 6457.5000 3.3322e+00 2.0962e-02
 6458.7500 3.3238e+00 2.9250e-02
 6460.0000 3.3451e+00 7.7702e-03
 6461.2500 3.4250e+00 7.2401e-02
 6462.5000 3.2197e+00 1.3258e-01
 6463.7500 3.2347e+00 1.1732e-01
 6465.0000 3.3767e+00 2.5094e-02
 6466.2500 3.4114e+00 6.0167e-02
 6467.5000 3.3624e+00 1.1663e-02
 6468.7500 3.3465e+00 3.8474e-03
 6470.0000 3.2609e+00 8.8864e-02
 6471.2500 3.3398e+00 9.5040e-03
 6472.5000 3.4037e+00 5.4924e-02
 6473.7500 3.3666e+00 1.8305e-02
 6475.0000 3.2068e+00 1.4098e-01
 6476.2500 3.3836e+00 3.6365e-02
 6477.5000 3.3804e+00 3.3686e-02
 6478.7500 3.4308e+00 8.4505e-02
 6480.0000 3.6007e+00 2.5493e-01
 6481.2500 3.3745e+00 2.9098e-02
 6482.5000 3.2255e+00 1.1941e-01
 6483.7500 3.3472e+00 2.6875e-03
 6485.0000 3.2975e+00 4.6655e-02
 6486.2500 3.3605e+00 1.6700e-02
 6487.5000 3.2815e+00 6.1910e-02
 6488.7500 3.4927e+00 1.4971e-01
 6490.0000 3.3826e+00 3.9922e-02
 6491.2500 3.3475e+00 5.2009e-03
 6492.5000 3.3523e+00 1.0390e-02
 6493.7500 3.3120e+00 2.9588e-02
 6495.0000 3.3490e+00 7.8882e-03
 6496.2500 3.4299e+00 8.9125e-02
 6497.5000 3.3188e+00 2.1544e-02
 6498.7500 3.2459e+00 9.3991e-02
 6500.0000 3.3366e+00 2.8761e-03
 6501.2500 3.3829e+00 4.3945e-02
 6502.5000 3.1712e+00 1.6735e-01
 6503.7500 3.3700e+00 3.1901e-02
 6505.0000 3.3556e+00 1.8036e-02
 6506.2500 3.2332e+00 1.0390e-01
 6507.5000 3.3394e+00 2.8649e-03
 6508.7500 3.4457e+00 1.0964e-01
 6510.0000 3.2413e+00 9.4253e-02
 6511.2500 3.1900e+00 1.4506e-01
 6512.5000 3.1374e+00 1.9720e-01
 6513.7500 3.3548e+00 2.0754e-02
 6515.0000 3.3036e+00 2.9951e-02
 6516.2500 3.3431e+00 9.9301e-03
 6517.5000 3.3344e+00 1.7183e-03
 6518.7500 3.3067e+00 2.5495e-02
 6520.0000 3.3562e+00 2.4413e-02
 6521.2500 3.2585e+00 7.2820e-02
 6522.5000 3.2447e+00 8.6162e-02
 6523.7500 3.2820e+00 4.8483e-02
 6525.0000 3.2537e+00 7.6310e-02
 6526.2500 3.3069e+00 2.2765e-02
 6527.5000 3.4283e+00 9.9052e-02
 6528.7500 3.3252e+00 3.6436e-03
 6530.0000 3.2907e+00 3.7740e-02
 6531.2500 3.2137e+00 1.1432e-01
 6532.5000 3.2673e+00 6.0322e-02
 6533.7500 3.4650e+00 1.3773e-01
 6535.0000 3.2599e+00 6.6942e-02
 6536.2500 3.1990e+00 1.2750e-01
 6537.5000 3.3733e+00 4.7204e-02
 6538.7500 3.3311e+00 5.4070e-03
 6540.0000 3.1893e+00 1.3593e-01
 6541.2500 3.3210e+00 3.8492e-03
 6542.5000 3.3756e+00 5.1077e-02
 6543.7500 3.3806e+00 5.6447e-02
 6545.0000 3.2766e+00 4.7105e-02
 6546.2500 3.2701e+00 5.3233e-02
 6547.5000 3.2656e+00 5.7377e-02
 6548.7500 3.3302e+00 7.6760e-03
 6550.0000 3.3565e+00 3.4365e-02
 6551.2500 3.2699e+00 5.1899e-02
 6552.5000 3.2256e+00 9.5845e-02
 6553.7500 3.2595e+00 6.1582e-02
 6555.0000 3.1670e+00 1.5366e-01
 6556.2500 3.2685e+00 5.1819e-02
 6557.5000 3.3330e+00 1.3036e-02
 6558.7500 3.3308e+00 1.1133e-02
 6560.0000 3.1126e+00 2.0667e-01
 6561.2500 3.3083e+00 1.0581e-02
 6562.5000 3.3079e+00 1.0659e-02
 6563.7500 3.3254e+00 7.2030e-03
 6565.0000 3.1777e+00 1.4019e-01
 6566.2500 3.2778e+00 3.9747e-02
 6567.5000 3.3779e+00 6.0731e-02
 6568.7500 3.2456e+00 7.1329e-02
 6570.0000 3.2480e+00 6.8593e-02
 6571.2500 3.2916e+00 2.4675e-02
 6572.5000 3.4972e+00 1.8127e-01
 6573.7500 3.2886e+00 2.7040e-02
 6575.0000 3.2600e+00 5.5287e-02
 6576.2500 3.2627e+00 5.2380e-02
 6577.5000 3.4034e+00 8.8639e-02
 6578.7500 3.2201e+00 9.4425e-02
 6580.0000 3.2514e+00 6.2871e-02
 6581.2500 3.3044e+00 9.6967e-03
 6582.5000 3.2583e+00 5.5607e-02
 6583.7500 3.4111e+00 9.7308e-02
 6585.0000 3.3557e+00 4.1993e-02
 6586.2500 3.3916e+00 7.7907e-02
 6587.5000 3.1639e+00 1.4977e-01
 6588.7500 3.4618e+00 1.4799e-01
 6590.0000 3.4035e+00 8.9535e-02
 6591.2500 3.4354e+00 1.2108e-01
 6592.5000 3.2521e+00 6.2531e-02
 6593.7500 3.3795e+00 6.4328e-02
 6595.0000 3.3644e+00 4.8630e-02
 6596.2500 3.3743e+00 5.7809e-02
 6597.5000 3.2420e+00 7.5438e-02
 6598.7500 3.3512e+00 3.2698e-02
 6600.0000 3.4642e+00 1.4451e-01
 6601.2500 3.3521e+00 3.1022e-02
 6602.5000 3.2506e+00 7.2033e-02
 6603.7500 3.2938e+00 3.0575e-02
 6605.0000 3.3129e+00 1.3421e-02
 6606.2500 3.3567e+00 2.8284e-02
 6607.5000 3.2480e+00 8.2686e-02
 6608.7500 3.4045e+00 7.1427e-02
 6610.0000 3.3381e+00 2.5028e-03
 6611.2500 3.4277e+00 8.9314e-02
 6612.5000 3.4039e+00 6.2725e-02
 6613.7500 3.3570e+00 1.2987e-02
 6615.0000 3.1837e+00 1.6329e-01
 6616.2500 3.4185e+00 6.8511e-02
 6617.5000 3.3423e+00 1.0603e-02
 6618.7500 3.5262e+00 1.7031e-01
 6620.0000 3.2814e+00 7.7332e-02
 6621.2500 3.2745e+00 8.6991e-02
 6622.5000 3.2203e+00 1.4389e-01
 6623.7500 3.3485e+00 1.8080e-02
 6625.0000 3.4915e+00 1.2278e-01
 6626.2500 3.2794e+00 9.1297e-02
 6627.5000 3.2809e+00 9.1364e-02
 6628.7500 3.3797e+00 6.1525e-03
 6630.0000 3.4166e+00 4.2215e-02
 6631.2500 3.4116e+00 3.6717e-02
 6632.5000 3.2828e+00 9.2091e-02
 6633.7500 3.4724e+00 9.7929e-02
 6635.0000 3.6093e+00 2.3567e-01
 6636.2500 3.5010e+00 1.2871e-01
 6637.5000 3.3703e+00 3.5665e-04
 6638.7500 3.3766e+00 8.0812e-03
 6640.0000 3.4652e+00 9.9276e-02
 6641.2500 3.4814e+00 1.1830e-01
 6642.5000 3.2587e+00 1.0119e-01
 6643.7500 3.2876e+00 6.8792e-02
 6645.0000 3.2623e+00 9.0390e-02
 6646.2500 3.4041e+00 5.5212e-02
 6647.5000 3.3470e+00 2.1280e-03
 6648.7500 3.2254e+00 1.1543e-01
 6650.0000 3.4951e+00 1.5825e-01
 6651.2500 3.4967e+00 1.6381e-01
 6652.5000 3.1520e+00 1.7700e-01
 6653.7500 3.2701e+00 5.5068e-02
 6655.0000 3.2271e+00 9.4514e-02
 6656.2500 3.2649e+00 5.3316e-02
 6657.5000 3.2448e+00 7.0232e-02
 6658.7500 3.3897e+00 7.7583e-02
 6660.0000 3.2308e+00 7.8694e-02
 6661.2500 3.2651e+00 4.2084e-02
 6662.5000 3.3290e+00 2.3883e-02
 6663.7500 3.2213e+00 8.2047e-02
 6665.0000 3.3939e+00 9.2037e-02
 6666.2500 3.0956e+00 2.0526e-01
 6667.5000 3.3887e+00 8.8586e-02
 6668.7500 3.3011e+00 1.3331e-03
 6670.0000 3.2853e+00 1.4492e-02
 6671.2500 3.2695e+00 3.0833e-02
 6672.5000 3.3699e+00 6.8650e-02
 6673.7500 3.3295e+00 2.6773e-02
 6675.0000 3.2612e+00 4.3603e-02
 6676.2500 3.2798e+00 2.7678e-02
 6677.5000 3.5017e+00 1.9078e-01
 6678.7500 3.2369e+00 7.8174e-02
 6680.0000 3.2480e+00 7.2052e-02
 6681.2500 3.4661e+00 1.3997e-01
 6682.5000 3.4023e+00 6.8453e-02
 6683.7500 3.2646e+00 7.9891e-02
 6685.0000 3.3388e+00 2.2139e-02
 6686.2500 3.2894e+00 9.7075e-02
 6687.5000 3.2800e+00 1.4207e-01
 6688.7500 3.4456e+00 1.7422e-02
 6690.0000 3.6861e+00 1.8797e-01
 6691.2500 3.4795e+00 3.6566e-02
 6692.5000 3.5381e+00 2.3650e-02
 6693.7500 3.6524e+00 1.5112e-01
 6695.0000 3.5857e+00 9.6935e-02
 6696.2500 3.4020e+00 8.2303e-02
 6697.5000 3.4823e+00 6.5285e-03
 6698.7500 3.5663e+00 6.7138e-02
 6700.0000 3.4537e+00 5.8258e-02
 6701.2500 3.4755e+00 4.9508e-02
 6702.5000 3.5997e+00 6.2425e-02
 6703.7500 3.5388e+00 9.5163e-03
 6705.0000 3.5123e+00 4.5416e-02
 6706.2500 3.4243e+00 1.4092e-01
 6707.5000 3.3544e+00 2.1641e-01
 6708.7500 3.8005e+00 2.2628e-01
 6710.0000 3.5077e+00 6.7764e-02
 6711.2500 3.5771e+00 2.6867e-03
 6712.5000 3.7043e+00 1.3311e-01
 6713.7500 3.6534e+00 8.7700e-02
 6715.0000 3.5349e+00 2.3352e-02
 6716.2500 3.4760e+00 7.2848e-02
 6717.5000 3.3745e+00 1.6333e-01
 6718.7500 3.5223e+00 2.9644e-03
 6720.0000 3.5521e+00 4.0568e-02
 6721.2500 3.7196e+00 2.2270e-01
 6722.5000 3.5500e+00 6.8430e-02
 6723.7500 3.5410e+00 7.5261e-02
 6725.0000 3.3185e+00 1.3137e-01
 6726.2500 3.5125e+00 7.8388e-02
 6727.5000 3.3884e+00 3.0217e-02
 6728.7500 3.4487e+00 4.4988e-02
 6730.0000 3.5031e+00 1.1372e-01
 6731.2500 3.5295e+00 1.5350e-01
 6732.5000 3.5553e+00 1.9179e-01
 6733.7500 3.4708e+00 1.1876e-01
 6735.0000 3.1855e+00 1.5623e-01
 6736.2500 3.5146e+00 1.8206e-01
 6737.5000 3.3106e+00 1.3815e-02
 6738.7500 3.1466e+00 1.7087e-01
 6740.0000 3.2128e+00 9.8763e-02
 6741.2500 3.2232e+00 8.3554e-02
 6742.5000 3.2729e+00 3.0212e-02
 6743.7500 3.2967e+00 3.7094e-03
 6745.0000 3.2285e+00 7.0339e-02
 6746.2500 3.2535e+00 4.4710e-02
 6747.5000 3.1513e+00 1.4744e-01
 6748.7500 3.2420e+00 5.8904e-02
 6750.0000 3.2720e+00 3.4952e-02
 6751.2500 3.3598e+00 3.7725e-02
 6752.5000 3.3544e+00 1.9069e-03
 6753.7500 3.4946e+00 7.3195e-02
 6755.0000 3.4829e+00 3.7161e-02
 6756.2500 3.6662e+00 3.3265e-02
 6757.5000 3.7019e+00 1.7135e-02
 6758.7500 3.6770e+00 6.2281e-02
 6760.0000 3.6307e+00 5.6550e-02
 6761.2500 3.7588e+00 1.6481e-01
 6762.5000 3.4889e+00 1.4553e-02
 6763.7500 3.5424e+00 9.9615e-02
 6765.0000 3.5145e+00 9.9673e-02
 6766.2500 3.5162e+00 1.0711e-01
 6767.5000 3.4278e+00 1.3745e-02
 6768.7500 3.5215e+00 9.8481e-02
 6770.0000 3.4999e+00 6.7179e-02
 6771.2500 3.4145e+00 2.7615e-02
 6772.5000 3.5962e+00 1.4546e-01
 6773.7500 3.5053e+00 4.6899e-02
 6775.0000 3.1682e+00 2.9683e-01
 6776.2500 3.5560e+00 8.5599e-02
 6777.5000 3.5664e+00 9.2071e-02
 6778.7500 3.2882e+00 1.8857e-01
 6780.0000 3.5627e+00 8.5010e-02
 6781.2500 3.3620e+00 1.1498e-01
 6782.5000 3.4870e+00 1.2167e-02
 6783.7500 3.4906e+00 1.9502e-02
 6785.0000 3.6119e+00 1.4599e-01
 6786.2500 3.4731e+00 1.3803e-02
 6787.5000 3.5425e+00 9.0921e-02
 6788.7500 3.3672e+00 7.5581e-02
 6790.0000 3.3311e+00 1.0188e-01
 6791.2500 3.6594e+00 2.3680e-01
 6792.5000 3.6124e+00 2.0078e-01
 6793.7500 3.3385e+00 6.1788e-02
 6795.0000 3.2099e+00 1.7886e-01
 6796.2500 3.4177e+00 4.0296e-02
 6797.5000 3.3441e+00 2.1956e-02
 6798.7500 3.2896e+00 6.5571e-02
 6800.0000 3.2889e+00 5.5701e-02
 6801.2500 3.4278e+00 9.3105e-02
 6802.5000 3.1275e+00 1.9781e-01
 6803.7500 3.4555e+00 1.3882e-01
 6805.0000 3.3427e+00 3.3864e-02
 6806.2500 3.3397e+00 3.8036e-02
 6807.5000 3.4148e+00 1.1949e-01
 6808.7500 3.3601e+00 7.0424e-02
 6810.0000 3.3842e+00 9.9371e-02
 6811.2500 3.3139e+00 3.3288e-02
 6812.5000 3.2415e+00 3.5672e-02
 6813.7500 3.2245e+00 4.9773e-02
 6815.0000 3.3439e+00 7.1856e-02
 6816.2500 3.4019e+00 1.3156e-01
 6817.5000 3.3246e+00 5.5481e-02
 6818.7500 3.2950e+00 2.6605e-02
 6820.0000 3.2094e+00 5.8699e-02
 6821.2500 3.3035e+00 3.5327e-02
 6822.5000 3.2722e+00 3.6784e-03
 6823.7500 3.3603e+00 9.1089e-02
 6825.0000 3.0949e+00 1.7530e-01
 6826.2500 3.1486e+00 1.2284e-01
 6827.5000 3.2124e+00 6.0451e-02
 6828.7500 3.1443e+00 1.3010e-01
 6830.0000 3.3176e+00 4.1497e-02
 6831.2500 3.1151e+00 1.6278e-01
 6832.5000 3.2792e+00 5.0642e-04
 6833.7500 3.2868e+00 5.1932e-03
 6835.0000 3.2760e+00 7.5465e-03
 6836.2500 3.2646e+00 2.0835e-02
 6837.5000 3.2641e+00 2.3134e-02
 6838.7500 3.3537e+00 6.4656e-02
 6840.0000 3.1744e+00 1.1620e-01
 6841.2500 3.2511e+00 4.1080e-02
 6842.5000 3.2275e+00 6.5920e-02
 6843.7500 3.3372e+00 4.2586e-02
 6845.0000 3.3459e+00 5.0280e-02
 6846.2500 3.3044e+00 8.0947e-03
 6847.5000 3.3743e+00 7.7425e-02
 6848.7500 3.1674e+00 1.2971e-01
 6850.0000 3.3747e+00 7.7510e-02
 6851.2500 3.2292e+00 6.7778e-02
 6852.5000 3.2402e+00 5.6435e-02
 6853.7500 3.2190e+00 7.7166e-02
 6855.0000 3.3373e+00 4.1869e-02
 6856.2500 3.2713e+00 2.3290e-02
 6857.5000 3.3353e+00 4.1608e-02
 6858.7500 3.3250e+00 3.2211e-02
 6860.0000 3.4777e+00 1.8572e-01
 6861.2500 3.2186e+00 7.2497e-02
 6862.5000 3.2884e+00 2.0724e-03
 6863.7500 3.2649e+00 2.5082e-02
 6865.0000 3.2440e+00 4.5841e-02
 6866.2500 3.1208e+00 1.6917e-01
 6867.5000 3.3359e+00 4.5354e-02
 6868.7500 3.2987e+00 7.1081e-03
 6870.0000 3.1532e+00 1.3992e-01
 6871.2500 3.2443e+00 5.0919e-02
 6872.5000 3.2303e+00 6.7612e-02
 6873.7500 3.2170e+00 8.4276e-02
 6875.0000 3.2614e+00 4.3918e-02
 6876.2500 3.3585e+00 4.8496e-02
 6877.5000 3.1697e+00 1.4575e-01
 6878.7500 3.3368e+00 1.5113e-02
 6880.0000 3.3710e+00 4.2493e-02
 6881.2500 3.4549e+00 1.1876e-01
 6882.5000 2.9947e+00 3.4981e-01
 6883.7500 3.5378e+00 1.8423e-01
 6885.0000 3.3068e+00 5.6570e-02
 6886.2500 3.3630e+00 1.0887e-02
 6887.5000 3.2927e+00 9.2438e-02
 6888.7500 3.4285e+00 3.1260e-02
 6890.0000 3.3638e+00 4.6420e-02
 6891.2500 3.3051e+00 1.1905e-01
 6892.5000 3.5726e+00 1.3348e-01
 6893.7500 3.4708e+00 1.5483e-02
 6895.0000 3.3154e+00 1.5744e-01
 6896.2500 3.6673e+00 1.7543e-01
 6897.5000 3.3616e+00 1.5114e-01
 6898.7500 3.3970e+00 1.3856e-01
 6900.0000 3.4620e+00 9.8862e-02
 6901.2500 3.6527e+00 6.3931e-02
 6902.5000 3.7325e+00 1.1282e-01
 6903.7500 3.6132e+00 4.0775e-02
 6905.0000 3.7064e+00 1.4332e-02
 6906.2500 3.7857e+00 5.1298e-02
 6907.5000 3.6151e+00 1.6625e-01
 6908.7500 3.8301e+00 3.3134e-03
 6910.0000 3.8444e+00 4.6668e-02
 6911.2500 3.8276e+00 1.2700e-01
 6912.5000 4.0297e+00 5.0889e-03
 6913.7500 4.2979e+00 1.9638e-01
 6915.0000 4.0826e+00 1.0307e-01
 6916.2500 4.3151e+00 3.7483e-02
 6917.5000 4.3773e+00 3.0302e-04
 6918.7500 4.4693e+00 1.6708e-02
 6920.0000 4.7263e+00 1.2312e-01
 6921.2500 4.7563e+00 2.6884e-02
 6922.5000 4.7851e+00 7.9874e-02
 6923.7500 5.0270e+00 1.7034e-02
 6925.0000 5.0429e+00 1.2175e-01
 6926.2500 5.2452e+00 8.3649e-02
 6927.5000 5.5076e+00 4.7900e-03
 6928.7500 5.7556e+00 6.9278e-02
 6930.0000 6.0206e+00 1.4133e-01
 6931.2500 6.1172e+00 3.5797e-02
 6932.5000 6.3291e+00 3.6804e-02
 6933.7500 6.5811e+00 6.9527e-02
 6935.0000 6.7626e+00 2.3982e-02
 6936.2500 6.9765e+00 3.6521e-03
 6937.5000 7.1647e+00 4.8812e-02
 6938.7500 7.4303e+00 2.9420e-02
 6940.0000 7.8056e+00 9.5080e-02
 6941.2500 7.9964e+00 3.1534e-02
 6942.5000 8.0637e+00 1.5802e-01
 6943.7500 8.5388e+00 5.8586e-02
 6945.0000 8.7797e+00 3.9013e-02
 6946.2500 9.0636e+00 5.7776e-02
 6947.5000 9.2687e+00 1.4713e-02
 6948.7500 9.7136e+00 1.2855e-01
 6950.0000 9.8858e+00 3.2999e-02
 6951.2500 1.0297e+01 2.3064e-02
 6952.5000 1.0733e+01 1.1847e-01
 6953.7500 1.0774e+01 1.1457e-01
 6955.0000 1.1093e+01 2.7062e-02
 6956.2500 1.1016e+01 1.4183e-01
 6957.5000 1.1389e+01 1.7795e-01
 6958.7500 1.1296e+01 2.3307e-02
 6960.0000 1.1446e+01 6.4260e-02
 6961.2500 1.1716e+01 1.1463e-01
 6962.5000 1.2006e+01 8.1680e-02
 6963.7500 1.3102e+01 4.3244e-02
 6965.0000 1.5307e+01 1.6837e-01
 6966.2500 1.8038e+01 1.3907e-01
 6967.5000 2.1735e+01 3.2003e-02
 6968.7500 2.4344e+01 1.1475e-01
 6970.0000 2.5224e+01 6.5626e-02
 6971.2500 2.3340e+01 9.2436e-02
 6972.5000 2.0205e+01 8.1627e-02
 6973.7500 1.6592e+01 3.1242e-02
 6975.0000 1.3935e+01 5.0914e-03
 6976.2500 1.2297e+01 1.9478e-02
 6977.5000 1.1590e+01 1.0765e-01
 6978.7500 1.1126e+01 5.9847e-02
 6980.0000 1.0674e+01 1.3795e-01
 6981.2500 1.0743e+01 1.3956e-01
 6982.5000 1.0359e+01 4.2831e-02
 6983.7500 1.0360e+01 1.5004e-01
 6985.0000 1.0009e+01 4.1803e-02
 6986.2500 1.0074e+01 1.0862e-01
 6987.5000 9.8642e+00 1.2158e-01
 6988.7500 1.0059e+01 3.2677e-02
 6990.0000 1.0086e+01 9.8455e-02
 6991.2500 1.0094e+01 2.5188e-02
 6992.5000 9.8360e+00 3.3990e-02
 6993.7500 9.1257e+00 1.3757e-01
 6995.0000 8.4941e+00 1.4127e-01
 6996.2500 8.1219e+00 6.7114e-02
 6997.5000 7.6026e+00 1.4749e-02
 6998.7500 7.2036e+00 2.4488e-02
 7000.0000 7.0154e+00 7.7184e-02
 7001.2500 6.5228e+00 1.6188e-01
 7002.5000 6.4705e+00 2.1375e-02
 7003.7500 6.2763e+00 5.1761e-02
 7005.0000 5.9340e+00 7.4827e-02
 7006.2500 5.8989e+00 9.7022e-02
 7007.5000 5.4964e+00 1.0755e-01
 7008.7500 5.5406e+00 1.2518e-01
 7010.0000 5.2254e+00 1.1045e-02
 7011.2500 5.0430e+00 2.4082e-02
 7012.5000 4.9634e+00 5.5984e-02
 7013.7500 4.7181e+00 3.9346e-02
 7015.0000 4.5864e+00 3.0626e-02
 7016.2500 4.6111e+00 1.2515e-01
 7017.5000 4.3799e+00 1.5846e-02
 7018.7500 4.2588e+00 7.7091e-03
 7020.0000 4.3230e+00 1.7624e-01
 7021.2500 3.9975e+00 5.3286e-02
 7022.5000 3.8722e+00 9.0462e-02
 7023.7500 3.8611e+00 2.0923e-02
 7025.0000 3.8115e+00 2.8874e-03
 7026.2500 3.7036e+00 3.8358e-02
 7027.5000 3.7565e+00 7.4977e-02
 7028.7500 3.7247e+00 9.7643e-02
 7030.0000 3.7205e+00 1.4242e-01
 7031.2500 3.5882e+00 5.3956e-02
 7032.5000 3.3701e+00 1.2504e-01
 7033.7500 3.5685e+00 1.0810e-01
 7035.0000 3.4427e+00 1.3041e-02
 7036.2500 3.4724e+00 6.9839e-02
 7037.5000 3.4710e+00 9.2203e-02
 7038.7500 3.4554e+00 9.7364e-02
 7040.0000 3.3542e+00 1.4185e-02
 7041.2500 3.2207e+00 1.0391e-01
 7042.5000 3.2332e+00 7.8096e-02
 7043.7500 3.2797e+00 2.0471e-02
 7045.0000 3.1350e+00 1.5574e-01
 7046.2500 3.3268e+00 4.3830e-02
 7047.5000 3.3056e+00 2.8905e-02
 7048.7500 3.1381e+00 1.3363e-01
 7050.0000 3.2349e+00 3.2991e-02
 7051.2500 3.3538e+00 8.8711e-02
 7052.5000 3.3324e+00 6.9133e-02
 7053.7500 3.2116e+00 5.0557e-02
 7055.0000 3.2098e+00 5.2079e-02
 7056.2500 3.2141e+00 4.8046e-02
 7057.5000 3.2843e+00 2.1260e-02
 7058.7500 3.3484e+00 8.4069e-02
 7060.0000 3.3115e+00 4.5361e-02
 7061.2500 3.2192e+00 4.9028e-02
 7062.5000 3.2486e+00 2.2000e-02
 7063.7500 3.2823e+00 9.0826e-03
 7065.0000 3.3029e+00 2.6776e-02
 7066.2500 3.3394e+00 6.0282e-02
 7067.5000 3.2346e+00 4.7649e-02
 7068.7500 3.1674e+00 1.1794e-01
 7070.0000 3.2341e+00 5.4528e-02
 7071.2500 3.2886e+00 3.1825e-03
 7072.5000 3.4437e+00 1.4879e-01
 7073.7500 3.2315e+00 6.6498e-02
 7075.0000 3.1902e+00 1.1073e-01
 7076.2500 3.0660e+00 2.3779e-01
 7077.5000 3.3039e+00 2.5764e-03
 7078.7500 3.3388e+00 2.9810e-02
 7080.0000 3.3873e+00 7.6044e-02
 7081.2500 3.2789e+00 3.4386e-02
 7082.5000 3.4363e+00 1.2104e-01
 7083.7500 3.2850e+00 3.2454e-02
 7085.0000 3.4256e+00 1.0509e-01
 7086.2500 3.1982e+00 1.2756e-01
 7087.5000 3.3764e+00 4.1615e-02
 7088.7500 3.2876e+00 6.0379e-02
 7090.0000 3.3371e+00 2.5522e-02
 7091.2500 3.3138e+00 5.9859e-02
 7092.5000 3.3603e+00 1.5557e-02
 7093.7500 3.2251e+00 1.4260e-01
 7095.0000 3.3267e+00 2.6062e-02
 7096.2500 3.3938e+00 5.7087e-02
 7097.5000 3.2790e+00 4.4831e-02
 7098.7500 3.2494e+00 6.5726e-02
 7100.0000 3.3080e+00 1.5239e-03
 7101.2500 3.3425e+00 3.6908e-02
 7102.5000 3.3999e+00 9.7702e-02
 7103.7500 3.2526e+00 4.6333e-02
 7105.0000 3.2582e+00 3.7191e-02
 7106.2500 3.3044e+00 1.2584e-02
 7107.5000 3.2356e+00 5.2444e-02
 7108.7500 3.3260e+00 4.1898e-02
 7110.0000 3.1317e+00 1.4830e-01
 7111.2500 3.2334e+00 4.2451e-02
 7112.5000 3.3755e+00 1.0382e-01
 7113.7500 3.2802e+00 1.2796e-02
 7115.0000 3.3638e+00 1.0079e-01
 7116.2500 3.2703e+00 1.1543e-02
 7117.5000 3.2697e+00 1.5298e-02
 7118.7500 3.1583e+00 9.1854e-02
 7120.0000 3.2826e+00 3.6567e-02
 7121.2500 3.1325e+00 1.0962e-01
 7122.5000 3.2446e+00 4.9011e-03
 7123.7500 3.3606e+00 1.1868e-01
 7125.0000 3.2723e+00 1.4149e-02
 7126.2500 3.4206e+00 1.1367e-01
 7127.5000 3.4214e+00 6.2336e-03
 7128.7500 3.4187e+00 1.8278e-01
 7130.0000 3.9080e+00 5.9724e-02
 7131.2500 4.2354e+00 1.5119e-01
 7132.5000 4.1810e+00 2.9560e-02
 7133.7500 4.1265e+00 3.7960e-02
 7135.0000 4.1081e+00 1.4054e-01
 7136.2500 3.7016e+00 7.1556e-03
 7137.5000 3.5047e+00 2.4120e-02
 7138.7500 3.1583e+00 1.7217e-01
 7140.0000 3.1117e+00 1.4930e-01
 7141.2500 3.3360e+00 7.6582e-02
 7142.5000 3.3992e+00 7.7185e-02
 7143.7500 3.5454e+00 9.2893e-02
 7145.0000 3.5328e+00 1.0586e-01
 7146.2500 3.7845e+00 4.6998e-02
 7147.5000 4.1006e+00 1.4628e-01
 7148.7500 3.9509e+00 2.5002e-03
 7150.0000 3.8164e+00 5.3471e-04
 7151.2500 3.4978e+00 1.2057e-01
 7152.5000 3.3724e+00 5.8601e-02
 7153.7500 3.3642e+00 6.5732e-02
 7155.0000 3.2466e+00 2.2056e-02
 7156.2500 3.2393e+00 4.8050e-02
 7157.5000 3.1238e+00 5.4810e-02
 7158.7500 3.2318e+00 5.7380e-02
 7160.0000 3.0331e+00 1.3974e-01
 7161.2500 3.2884e+00 1.1639e-01
 7162.5000 3.1585e+00 1.2802e-02
 7163.7500 3.1829e+00 1.2145e-02
 7165.0000 3.0406e+00 1.2957e-01
 7166.2500 3.0742e+00 9.5500e-02
 7167.5000 2.9947e+00 1.7451e-01
 7168.7500 3.1760e+00 7.2781e-03
 7170.0000 3.1800e+00 1.1691e-02
 7171.2500 3.0645e+00 1.0333e-01
 7172.5000 3.1235e+00 4.3910e-02
 7173.7500 3.2088e+00 4.1758e-02
 7175.0000 3.1171e+00 4.9602e-02
 7176.2500 3.1003e+00 6.6007e-02
 7177.5000 3.1385e+00 2.7515e-02
 7178.7500 3.3899e+00 2.2424e-01
 7180.0000 2.9129e+00 2.5241e-01
 7181.2500 3.0755e+00 8.9484e-02
 7182.5000 3.2761e+00 1.1146e-01
 7183.7500 3.1960e+00 3.1699e-02
 7185.0000 3.1572e+00 6.8269e-03
 7186.2500 2.9850e+00 1.7872e-01
 7187.5000 3.1945e+00 3.1122e-02
 7188.7500 3.0273e+00 1.3583e-01
 7190.0000 3.2432e+00 8.0370e-02
 7191.2500 3.0133e+00 1.4925e-01
 7192.5000 3.2693e+00 1.0707e-01
 7193.7500 3.2101e+00 4.8220e-02
 7195.0000 3.1964e+00 3.4814e-02
 7196.2500 3.1389e+00 2.2399e-02
 7197.5000 3.2091e+00 4.8047e-02
 7198.7500 3.2018e+00 4.1073e-02
 7200.0000 3.0375e+00 1.2295e-01
 7201.2500 3.0193e+00 1.4084e-01
 7202.5000 3.0676e+00 9.2311e-02
 7203.7500 3.1375e+00 2.2050e-02
 7205.0000 3.0493e+00 1.0996e-01
 7206.2500 3.0695e+00 8.9462e-02
 7207.5000 3.2576e+00 9.8881e-02
 7208.7500 3.1291e+00 2.9272e-02
 7210.0000 3.4285e+00 2.7039e-01
 7211.2500 3.0584e+00 9.9410e-02
 7212.5000 3.0229e+00 1.3468e-01
 7213.7500 3.0114e+00 1.4585e-01
 7215.0000 3.2711e+00 1.1408e-01
 7216.2500 3.3123e+00 1.5562e-01
 7217.5000 3.1218e+00 3.4554e-02
 7218.7500 3.1706e+00 1.4515e-02
 7220.0000 3.3137e+00 1.5789e-01
 7221.2500 3.2464e+00 9.0868e-02
 7222.5000 3.1797e+00 2.4427e-02
 7223.7500 3.1094e+00 4.5607e-02
 7225.0000 3.0661e+00 8.8541e-02
 7226.2500 3.1988e+00 4.4459e-02
 7227.5000 3.2970e+00 1.4295e-01
 7228.7500 3.2227e+00 6.8918e-02
 7230.0000 3.1060e+00 4.7486e-02
 7231.2500 3.2817e+00 1.2851e-01
 7232.5000 2.9570e+00 1.9590e-01
 7233.7500 3.2065e+00 5.3851e-02
 7235.0000 3.1907e+00 3.8324e-02
 7236.2500 2.9738e+00 1.7831e-01
 7237.5000 3.2244e+00 7.2612e-02
 7238.7500 3.1960e+00 4.4504e-02
 7240.0000 3.2567e+00 1.0549e-01
 7241.2500 3.0729e+00 7.8016e-02
 7242.5000 3.1843e+00 3.3643e-02
 7243.7500 3.1789e+00 2.8496e-02
 7245.0000 3.1647e+00 1.4659e-02
 7246.2500 3.0270e+00 1.2276e-01
 7247.5000 3.1757e+00 2.6192e-02
 7248.7500 3.0752e+00 7.3995e-02
 7250.0000 3.1849e+00 3.5930e-02
 7251.2500 3.0925e+00 5.6196e-02
 7252.5000 3.2552e+00 1.0681e-01
 7253.7500 3.2053e+00 5.7187e-02
 7255.0000 3.2670e+00 1.1922e-01
 7256.2500 3.3264e+00 1.7888e-01
 7257.5000 3.0092e+00 1.3802e-01
 7258.7500 3.0549e+00 9.2058e-02
 7260.0000 3.0053e+00 1.4137e-01
 7261.2500 3.0708e+00 7.5532e-02
 7262.5000 3.1493e+00 3.1900e-03
 7263.7500 3.2093e+00 6.3485e-02
 7265.0000 3.1650e+00 1.9518e-02
 7266.2500 3.1957e+00 5.0459e-02
 7267.5000 3.1648e+00 1.9868e-02
 7268.7500 3.0537e+00 9.0952e-02
 7270.0000 3.1281e+00 1.6300e-02
 7271.2500 3.0700e+00 7.4133e-02
 7272.5000 3.0783e+00 6.5540e-02
 7273.7500 2.9855e+00 1.5799e-01
 7275.0000 3.1038e+00 3.9442e-02
 7276.2500 3.2117e+00 6.8793e-02
 7277.5000 3.1379e+00 4.7747e-03
 7278.7500 3.0730e+00 6.9413e-02
 7280.0000 3.0623e+00 7.9792e-02
 7281.2500 3.1929e+00 5.1101e-02
 7282.5000 3.1456e+00 4.0827e-03
 7283.7500 3.3429e+00 2.0164e-01
 7285.0000 3.1473e+00 6.2865e-03
 7286.2500 3.0705e+00 7.0226e-02
 7287.5000 2.9353e+00 2.0508e-01
 7288.7500 3.1392e+00 9.2050e-04
 7290.0000 3.0993e+00 4.0518e-02
 7291.2500 3.0210e+00 1.1855e-01
 7292.5000 3.4409e+00 3.0160e-01
 7293.7500 3.1765e+00 3.7547e-02
 7295.0000 3.2429e+00 1.0415e-01
 7296.2500 3.1067e+00 3.1701e-02
 7297.5000 3.2904e+00 1.5222e-01
 7298.7500 3.1167e+00 2.1153e-02
 7300.0000 3.1672e+00 2.9649e-02
 7301.2500 3.0312e+00 1.0609e-01
 7302.5000 3.2337e+00 9.6734e-02
 7303.7500 3.1739e+00 3.7149e-02
 7305.0000 3.2640e+00 1.2757e-01
 7306.2500 3.0488e+00 8.7405e-02
 7307.5000 2.9551e+00 1.8078e-01
 7308.7500 3.1797e+00 4.4083e-02
 7310.0000 3.1468e+00 1.1492e-02
 7311.2500 3.1614e+00 2.6327e-02
 7312.5000 3.2471e+00 1.1232e-01
 7313.7500 3.3706e+00 2.3611e-01
 7315.0000 2.9894e+00 1.4475e-01
 7316.2500 3.1943e+00 6.0389e-02
 7317.5000 3.0267e+00 1.0691e-01
 7318.7500 3.2530e+00 1.1969e-01
 7320.0000 3.1951e+00 6.2082e-02
 7321.2500 3.0519e+00 8.0863e-02
 7322.5000 3.1374e+00 4.8882e-03
 7323.7500 3.1750e+00 4.2765e-02
 7325.0000 3.0246e+00 1.0729e-01
 7326.2500 3.1386e+00 6.9311e-03
 7327.5000 3.1301e+00 1.3051e-03
 7328.7500 3.2118e+00 8.0761e-02
 7330.0000 3.0781e+00 5.2733e-02
 7331.2500 2.9457e+00 1.8484e-01
 7332.5000 3.0734e+00 5.6805e-02
 7333.7500 3.1249e+00 5.0715e-03
 7335.0000 3.1074e+00 2.2267e-02
 7336.2500 3.1719e+00 4.2495e-02
 7337.5000 3.1833e+00 5.4226e-02
 7338.7500 3.2204e+00 9.1532e-02
 7340.0000 3.1138e+00 1.4723e-02
 7341.2500 3.0881e+00 4.0197e-02
 7342.5000 3.1325e+00 4.5222e-03
 7343.7500 3.2505e+00 1.2283e-01
 7345.0000 3.1576e+00 3.0117e-02
 7346.2500 3.0905e+00 3.6702e-02
 7347.5000 3.0884e+00 3.8476e-02
 7348.7500 3.1483e+00 2.1714e-02
 7350.0000 3.0270e+00 9.9297e-02
 7351.2500 3.1428e+00 1.6801e-02
 7352.5000 3.2597e+00 1.3393e-01
 7353.7500 3.0903e+00 3.5136e-02
 7355.0000 3.0683e+00 5.6930e-02
 7356.2500 3.1224e+00 2.5173e-03
 7357.5000 3.0413e+00 8.3334e-02
 7358.7500 3.4043e+00 2.7992e-01
 7360.0000 3.1339e+00 9.8008e-03
 7361.2500 3.1161e+00 7.6821e-03
 7362.5000 3.1695e+00 4.6010e-02
 7363.7500 3.1519e+00 2.8704e-02
 7365.0000 3.1959e+00 7.2943e-02
 7366.2500 3.0520e+00 7.0719e-02
 7367.5000 3.0382e+00 8.4190e-02
 7368.7500 3.0841e+00 3.8037e-02
 7370.0000 2.9004e+00 2.2148e-01
 7371.2500 3.1110e+00 1.0533e-02
 7372.5000 3.0146e+00 1.0666e-01
 7373.7500 3.0261e+00 9.4936e-02
 7375.0000 2.9990e+00 1.2176e-01
 7376.2500 3.1682e+00 4.7716e-02
 7377.5000 3.1216e+00 1.4308e-03
 7378.7500 3.1755e+00 5.5561e-02
 7380.0000 3.0066e+00 1.1304e-01
 7381.2500 2.9394e+00 1.7997e-01
 7382.5000 3.1286e+00 9.5629e-03
 7383.7500 3.0650e+00 5.3832e-02
 7385.0000 3.1719e+00 5.3395e-02
 7386.2500 3.0858e+00 3.2485e-02
 7387.5000 3.2467e+00 1.2869e-01
 7388.7500 3.1051e+00 1.2612e-02
 7390.0000 3.0302e+00 8.7191e-02
 7391.2500 3.0152e+00 1.0197e-01
 7392.5000 3.0078e+00 1.0904e-01
 7393.7500 3.0797e+00 3.6894e-02
 7395.0000 3.2633e+00 1.4696e-01
 7396.2500 3.1860e+00 6.9874e-02
 7397.5000 3.0089e+00 1.0694e-01
 7398.7500 3.0759e+00 3.9691e-02
 7400.0000 3.1013e+00 1.3998e-02
 7401.2500 3.1520e+00 3.6920e-02
 7402.5000 3.1093e+00 5.4546e-03
 7403.7500 3.1743e+00 5.9708e-02
 7405.0000 3.0818e+00 3.2569e-02
 7406.2500 3.2135e+00 9.9416e-02
 7407.5000 3.1254e+00 1.1484e-02
 7408.7500 3.1238e+00 1.0156e-02
 7410.0000 3.1642e+00 5.0792e-02
 7411.2500 3.1139e+00 6.4406e-04
 7412.5000 3.0115e+00 1.0163e-01
 7413.7500 3.1937e+00 8.0758e-02
 7415.0000 3.1439e+00 3.1159e-02
 7416.2500 3.0678e+00 4.4880e-02
 7417.5000 2.9715e+00 1.4108e-01
 7418.7500 3.0546e+00 5.7834e-02
 7420.0000 3.1054e+00 7.0618e-03
 7421.2500 3.1310e+00 1.8591e-02
 7422.5000 3.0342e+00 7.8180e-02
 7423.7500 2.9394e+00 1.7307e-01
 7425.0000 3.0952e+00 1.7353e-02
 7426.2500 3.0104e+00 1.0229e-01
 7427.5000 3.1992e+00 8.6276e-02
 7428.7500 3.2067e+00 9.3583e-02
 7430.0000 3.2409e+00 1.2748e-01
 7431.2500 3.1404e+00 2.6570e-02
 7432.5000 3.1913e+00 7.7027e-02
 7433.7500 3.2207e+00 1.0584e-01
 7435.0000 3.2593e+00 1.4389e-01
 7436.2500 3.0507e+00 6.5439e-02
 7437.5000 3.0925e+00 2.4459e-02
 7438.7500 3.1019e+00 1.5976e-02
 7440.0000 3.1932e+00 7.4250e-02
 7441.2500 3.2133e+00 9.3201e-02
 7442.5000 3.0246e+00 9.6726e-02
 7443.7500 3.0884e+00 3.4360e-02
 7445.0000 3.1468e+00 2.2508e-02
 7446.2500 3.1444e+00 1.8429e-02
 7447.5000 3.0601e+00 6.7765e-02
 7448.7500 3.2853e+00 1.5544e-01
 7450.0000 3.0479e+00 8.4182e-02
 7451.2500 2.9655e+00 1.6889e-01
 7452.5000 3.2894e+00 1.5250e-01
 7453.7500 2.9916e+00 1.4802e-01
 7455.0000 3.0692e+00 7.3280e-02
 7456.2500 3.2211e+00 7.5622e-02
 7457.5000 3.2151e+00 6.6325e-02
 7458.7500 3.2101e+00 5.7925e-02
 7460.0000 3.1852e+00 2.9468e-02
 7461.2500 3.0462e+00 1.1324e-01
 7462.5000 3.1440e+00 1.9337e-02
 7463.7500 3.1703e+00 2.9073e-03
 7465.0000 3.2051e+00 3.3428e-02
 7466.2500 3.0165e+00 1.5949e-01
 7467.5000 3.1405e+00 3.9955e-02
 7468.7500 3.1461e+00 3.8894e-02
 7470.0000 3.0804e+00 1.0926e-01
 7471.2500 3.2573e+00 6.2826e-02
 7472.5000 3.2850e+00 8.5703e-02
 7473.7500 3.1590e+00 4.5092e-02
 7475.0000 3.3055e+00 9.6507e-02
 7476.2500 3.1709e+00 4.2931e-02
 7477.5000 3.1044e+00 1.1428e-01
 7478.7500 3.2988e+00 7.5314e-02
 7480.0000 3.3078e+00 7.9637e-02
 7481.2500 3.1327e+00 1.0006e-01
 7482.5000 3.3456e+00 1.0832e-01
 7483.7500 3.1933e+00 4.8273e-02
 7485.0000 3.2318e+00 1.3950e-02
 7486.2500 3.1600e+00 8.9697e-02
 7487.5000 3.2468e+00 6.5227e-03
 7488.7500 3.2817e+00 2.4904e-02
 7490.0000 3.3162e+00 5.6170e-02
 7491.2500 3.3841e+00 1.2115e-01
 7492.5000 3.2640e+00 1.8412e-03
 7493.7500 3.1908e+00 7.8204e-02
 7495.0000 3.1141e+00 1.5977e-01
 7496.2500 3.3998e+00 1.1666e-01
 7497.5000 3.1939e+00 1.0692e-01
 7498.7500 3.3249e+00 5.2894e-03
 7500.0000 3.3581e+00 1.1916e-02
 7501.2500 3.4945e+00 8.3033e-02
 7502.5000 3.5691e+00 1.2954e-01
 7503.7500 3.3916e+00 5.0362e-02
 7505.0000 3.4004e+00 1.6734e-02
 7506.2500 3.3916e+00 1.6006e-02
 7507.5000 3.2942e+00 3.8408e-02
 7508.7500 3.2461e+00 5.2707e-02
 7510.0000 3.3833e+00 1.0628e-01
 7511.2500 3.2315e+00 3.3119e-02
 7512.5000 3.1676e+00 8.9928e-02
 7513.7500 3.3178e+00 6.5165e-02
 7515.0000 3.3292e+00 8.0867e-02
 7516.2500 3.2679e+00 2.3924e-02
 7517.5000 3.2673e+00 2.7762e-02
 7518.7500 3.2846e+00 4.9667e-02
 7520.0000 3.4592e+00 2.2910e-01
 7521.2500 3.3017e+00 7.6666e-02
 7522.5000 3.4167e+00 1.9680e-01
 7523.7500 3.2061e+00 8.6462e-03
 7525.0000 3.1529e+00 5.6535e-02
 7526.2500 3.2410e+00 3.6980e-02
 7527.5000 3.1086e+00 9.0024e-02
 7528.7500 3.2348e+00 4.1552e-02
 7530.0000 3.2498e+00 6.1938e-02
 7531.2500 3.1476e+00 3.4837e-02
 7532.5000 3.1889e+00 1.1759e-02
 7533.7500 3.0505e+00 1.2143e-01
 7535.0000 3.1464e+00 2.0388e-02
 7536.2500 2.9617e+00 2.0007e-01
 7537.5000 3.3061e+00 1.4929e-01
 7538.7500 3.1437e+00 8.3981e-03
 7540.0000 3.0078e+00 1.3960e-01
 7541.2500 3.1753e+00 3.2375e-02
 7542.5000 2.9784e+00 1.6019e-01
 7543.7500 3.1478e+00 1.3365e-02
 7545.0000 3.2129e+00 8.2374e-02
 7546.2500 3.0502e+00 7.6469e-02
 7547.5000 3.0569e+00 6.6147e-02
 7548.7500 3.0728e+00 4.6798e-02
 7550.0000 3.1163e+00 3.7992e-05
 7551.2500 3.0502e+00 6.3080e-02
 7552.5000 3.0614e+00 4.8904e-02
 7553.7500 3.0217e+00 8.5930e-02
 7555.0000 3.2224e+00 1.1738e-01
 7556.2500 3.1189e+00 1.6358e-02
 7557.5000 3.0402e+00 6.0128e-02
 7558.7500 3.0595e+00 3.8628e-02
 7560.0000 3.3020e+00 2.0584e-01
